2023/01/13
左右2Vで空転させたときのログ
LPFなし
spd(*100000),encdiff,encang,0

-253,-2,11937,0
0,0,11938,0
3551,5,11936,0
20801,64,11851,0
21816,56,11734,0
25875,86,11564,0
36276,118,11337,0
36783,121,11090,0
46677,147,10804,0
55049,177,10477,0
58600,185,10122,0
62913,195,9724,0
70523,219,9294,0
72553,212,8873,0
79909,229,8415,0
83715,249,7912,0
91579,248,7425,0
94623,266,6907,0
99189,268,6366,0
105531,295,5779,0
97160,280,5229,0
104263,296,4630,0
111873,326,3996,0
121767,358,3334,0
115679,309,2725,0
137242,393,2002,0
122782,336,1322,0
138510,390,587,0
135973,374,16215,0
140286,375,15470,0
140032,380,14718,0
154746,425,13902,0
160327,437,13045,0
154746,428,12188,0
156268,439,11316,0
166922,460,10403,0
167176,468,9471,0
171996,484,8510,0
163624,457,7581,0
166161,460,6677,0
171489,465,5733,0
170981,464,4803,0
166415,465,3847,0
176562,499,2866,0
183919,497,1878,0
175294,501,879,0
189246,527,16212,0
177323,509,15186,0
192037,512,14167,0
192544,541,13102,0
200155,553,12004,0
205989,563,10879,0
203199,571,9739,0
202184,559,8613,0
200408,563,7496,0
197618,531,6416,0
206750,576,5277,0
205228,569,4165,0
194066,523,3075,0
201677,540,1965,0
220449,607,776,0
207511,560,16011,0
207765,582,14913,0
218420,579,13714,0
216390,611,12563,0
225269,601,11345,0
217151,584,10213,0
219435,600,8971,0
225777,604,7772,0
220449,594,6641,0
218673,594,5500,0
213853,579,4330,0
214107,590,3161,0
218673,598,1978,0
225777,609,762,0
220449,593,15955,0
227045,612,14729,0
237446,636,13471,0
236431,628,12210,0
234148,627,10960,0
241251,647,9675,0
245564,663,8344,0
236431,610,7135,0
239475,607,5919,0
229582,617,4632,0
221971,596,3429,0
235163,610,2189,0
241251,660,859,0
227045,600,16041,0
252413,661,14764,0
230850,661,13445,0
240236,621,12203,0
243534,656,10898,0
245056,669,9565,0
246578,680,8209,0
247593,621,6949,0
234909,645,5648,0
231358,630,4391,0
238714,628,3121,0
222986,648,1838,0
245564,660,478,0
229582,635,15591,0
238207,658,14287,0
248862,678,12941,0
251652,694,11567,0
250384,678,10192,0
247847,689,8849,0
238714,629,7526,0
255204,641,6218,0
240744,645,4945,0
244549,649,3640,0
234402,612,2425,0
240236,650,1145,0
233894,626,16271,0
240997,629,15027,0
242520,656,13728,0
247340,660,12410,0
242266,639,11123,0
244295,658,9811,0
248608,677,8474,0
246071,629,7186,0
253174,669,5900,0
250637,662,4615,0
251906,650,3340,0
249623,664,2074,0
241505,649,747,0
237192,642,15843,0
245564,648,14521,0
251652,660,13217,0
259770,690,11866,0
258502,696,10478,0
253174,668,9147,0
249369,641,7790,0
251145,650,6503,0
254189,662,5195,0
252413,650,3892,0
248354,651,2589,0
265858,707,1219,0
246071,648,16261,0
243788,639,14981,0
266366,710,13591,0
261292,697,12192,0
245056,662,10847,0
270425,712,9450,0
255204,692,8052,0
253935,647,6747,0
258755,675,5394,0
260531,663,4060,0
255711,673,2708,0
257740,695,1335,0
253935,674,16354,0
242520,667,15022,0
260277,708,13624,0
262814,705,12204,0
261292,702,10803,0
269410,724,9361,0
262307,698,7954,0
261799,690,6576,0
261038,685,5209,0
262560,691,3833,0
258502,687,2456,0
261292,702,1055,0
252159,685,16059,0
263322,697,14647,0
259263,715,13235,0
265351,698,11828,0
267634,728,10385,0
267634,735,8915,0
266619,706,7469,0
264590,704,6097,0
262814,696,4722,0
271186,708,3330,0
261038,687,1977,0
265605,713,543,0
259516,704,15521,0
255965,695,14193,0
270425,727,12736,0
270425,712,11314,0
273215,736,9859,0
265351,712,8418,0
254696,676,7044,0
265858,715,5649,0
269156,710,4269,0
261292,677,2919,0
267888,712,1504,0
262814,702,90,0
256726,691,15084,0
267888,715,13668,0
268395,717,12225,0
265858,714,10805,0
262053,729,9347,0
270678,729,7901,0
254443,678,6519,0
260024,698,5128,0
265858,697,3740,0
267888,696,2350,0
267634,730,918,0
265858,705,15862,0
255457,681,14517,0
271947,758,13021,0
246071,695,11601,0
262053,726,10166,0
271439,743,8679,0
265351,710,7239,0
257994,696,5871,0
261038,703,4459,0
256726,697,3077,0
259770,714,1660,0
267634,707,234,0
261292,696,15228,0
264083,720,13799,0
262814,724,12340,0
272200,742,10888,0
274230,753,9384,0
254696,700,7960,0
251652,666,6560,0
256979,679,5163,0
254189,675,3774,0
251652,668,2403,0
277781,743,955,0
268649,691,15930,0
266112,691,14556,0
262560,719,13129,0
265605,707,11706,0
266366,726,10271,0
268395,747,8775,0
263829,693,7357,0
269156,707,5974,0
265097,705,4597,0
266873,710,3203,0
256218,684,1849,0
271439,747,394,0
250637,641,15431,0
272454,726,14045,0
269664,731,12584,0
247086,662,11207,0
280318,754,9757,0
249369,705,8324,0
254443,670,6966,0
250891,681,5603,0
259009,698,4217,0
264844,686,2828,0
248862,690,1473,0
269156,701,72,0
258248,692,15065,0
268649,717,13644,0
267127,718,12197,0
265858,698,10793,0
263068,718,9347,0
259009,707,7930,0
252667,679,6543,0
264590,721,5144,0
269664,712,3764,0
262307,717,2383,0
261292,692,989,0
266619,692,15970,0
260531,684,14603,0
276513,735,13152,0
270425,716,11705,0
275245,725,10261,0
252413,701,8830,0
269917,723,7407,0
263575,706,6035,0
257487,692,4652,0
252921,676,3268,0
257741,668,1896,0
263575,710,481,0
258502,706,15467,0
273976,717,14049,0
259516,688,12639,0
278796,730,11217,0
270678,736,9751,0
259263,711,8310,0
263322,704,6907,0
250891,678,5547,0
251906,681,4145,0
250891,672,2771,0
272708,752,1338,0
261038,693,16327,0
263575,689,14930,0
264844,702,13549,0
270932,745,12047,0
263068,676,10666,0
281079,744,9231,0
254443,685,7778,0
248354,661,6480,0
247847,664,5092,0
251145,640,3767,0
242266,680,2414,0
275498,714,996,0
241251,665,16037,0
264083,678,14699,0
258502,710,13299,0
262814,709,11875,0
262814,717,10457,0
265351,725,9006,0
253935,683,7614,0
260024,689,6258,0
253935,697,4864,0
248354,676,3505,0
242773,679,2157,0
269917,750,677,0
238461,651,15728,0
265097,742,14326,0
248354,669,12951,0
262307,723,11546,0
264590,737,10077,0
271693,733,8688,0
243281,656,7347,0
256472,659,5994,0
247086,662,4620,0
236939,639,3298,0
250891,691,1922,0
256979,692,526,0
237700,649,15597,0
259009,700,14212,0
262307,711,12792,0
256472,702,11385,0
258755,719,9956,0
265351,700,8543,0
260277,705,7157,0
256726,675,5824,0
261038,686,4443,0
250384,683,3071,0
255457,693,1696,0
258755,708,273,0
247847,680,15287,0
259516,701,13898,0
266619,724,12464,0
262307,718,11032,0
270171,738,9567,0
266873,712,8130,0
266366,697,6745,0
254950,689,5366,0
271439,716,3962,0
259009,683,2576,0
259516,700,1175,0
272961,735,16103,0
260277,696,14780,0
259516,702,13334,0
255711,679,11979,0
262053,725,10552,0
275498,742,9077,0
248862,676,7671,0
257487,686,6334,0
263829,701,4945,0
245817,630,3608,0
259516,689,2246,0
247340,656,859,0
266873,708,15843,0
242266,673,14538,0
248101,664,13128,0
260277,684,11777,0
257233,712,10354,0
259770,713,8918,0
256218,673,7543,0
251398,673,6206,0
252413,668,4846,0
263575,689,3480,0
250891,698,2136,0
259263,694,726,0
250637,668,15769,0
256726,687,14422,0
263829,730,12959,0
243027,651,11621,0
268141,720,10169,0
270932,754,8733,0
265605,689,7393,0
246832,674,6062,0
258248,692,4713,0
247086,638,3410,0
245056,630,2121,0
258755,696,717,0
254189,642,15813,0
248354,696,14444,0
249115,667,13112,0
253428,688,11756,0
253682,696,10343,0
258248,698,9007,0
257487,676,7624,0
250637,670,6356,0
246832,653,5040,0
235924,624,3754,0
234148,620,2488,0
258248,692,1125,0
265858,666,16156,0
235670,633,14873,0
254443,666,13569,0
247340,703,12149,0
241505,624,10840,0
251398,716,9473,0
255965,693,8063,0
221718,633,6814,0
244295,648,5504,0
261546,675,4176,0
219942,634,2895,0
251906,678,1543,0
234909,670,198,0
250384,648,15281,0
241251,686,13931,0
249876,694,12546,0
244295,685,11176,0
247340,712,9770,0
251906,703,8348,0
232119,665,7003,0
245817,682,5665,0
242520,662,4310,0
251906,677,2969,0
241505,677,1627,0
261546,719,193,0
244549,661,15248,0
252413,687,13894,0
261292,712,12482,0
261292,703,11079,0
266366,735,9615,0
254950,707,8181,0
249876,668,6825,0
257740,703,5429,0
255204,697,4061,0
251145,685,2685,0
262560,706,1283,0
256726,692,16272,0
250384,694,14896,0
268141,716,13474,0
259516,712,12037,0
277528,733,10587,0
266873,737,9107,0
261038,704,7677,0
256979,702,6287,0
258502,701,4879,0
256472,714,3475,0
261799,720,2088,0
269664,727,687,0
260531,702,15655,0
261038,711,14250,0
265097,716,12822,0
266112,703,11407,0
273722,735,9963,0
276006,746,8460,0
253935,674,7088,0
263322,692,5678,0
260531,704,4280,0
252667,688,2920,0
253428,700,1514,0
274737,734,91,0
248101,650,15117,0
269664,745,13728,0
266366,694,12275,0
267380,711,10931,0
256218,691,9475,0
273469,713,8072,0
260785,674,6742,0
247593,659,5389,0
245564,664,4028,0
250130,668,2707,0
262307,706,1327,0
256472,694,16298,0
251398,659,14984,0
268395,709,13606,0
264336,716,12159,0
259770,672,10781,0
284631,759,9345,0
257994,677,7973,0
258502,662,6647,0
253174,673,5263,0
261546,658,3970,0
246578,664,2605,0
246071,655,1307,0
251906,644,16306,0
245056,665,15014,0
250384,689,13645,0
261799,689,12259,0
232119,648,10935,0
276513,727,9537,0
257487,682,8145,0
256218,673,6810,0
244803,659,5504,0
253174,660,4175,0
247340,699,2825,0
251652,656,1515,0
257994,701,144,0
247340,672,15176,0
248862,668,13845,0
257740,682,12487,0
255965,709,11063,0
255711,672,9713,0
258502,705,8295,0
233641,612,6972,0
261292,661,5666,0
254696,681,4314,0
239222,636,3049,0
259263,708,1714,0
242012,633,416,0
250637,674,15485,0
242520,649,14158,0
256218,671,12821,0
243027,677,11484,0
255965,683,10086,0
266366,712,8718,0
245056,637,7407,0
252159,677,6068,0
258248,664,4757,0
249876,646,3449,0
245310,667,2137,0
256218,705,745,0
237953,644,15810,0
254950,672,14484,0
267634,712,13088,0
255711,688,11677,0
251145,675,10349,0
273469,741,8890,0
226538,605,7583,0
249876,661,6253,0
249876,651,4906,0
246578,650,3615,0
259516,676,2291,0
245310,687,920,0
254443,665,15963,0
239475,658,14655,0
261799,687,13297,0
244042,705,11874,0
258248,707,10472,0
248862,689,9101,0
244549,626,7737,0
241251,652,6401,0
249876,658,5058,0
244042,633,3737,0
238461,623,2451,0
254189,700,1060,0
248608,655,16095,0
241759,665,14800,0
256472,702,13402,0
251145,695,12004,0
249876,672,10641,0
266112,709,9257,0
247847,666,7860,0
252921,676,6530,0
252921,676,5182,0
259263,684,3824,0
243788,654,2496,0
275245,739,1075,0
247593,656,16123,0
251906,690,14749,0
261799,701,13346,0
253174,686,11994,0
259009,706,10549,0
255711,697,9179,0
267127,704,7756,0
222732,609,6469,0
269410,687,5098,0
242773,659,3776,0
263575,681,2478,0
256218,679,1106,0
249115,664,16184,0
248354,650,14841,0
250384,681,13500,0
251652,678,12140,0
246832,697,10767,0
255965,712,9349,0
253935,685,7952,0
244803,661,6617,0
259263,684,5268,0
245310,673,3917,0
252159,665,2583,0
253428,697,1209,0
251145,684,16203,0
259009,673,14855,0
253682,716,13447,0
266873,704,12026,0
255711,712,10610,0
261799,725,9163,0
258248,702,7747,0
258502,691,6366,0
255965,694,4983,0
262814,695,3590,0
258248,695,2208,0
261292,710,795,0
264336,694,15779,0
267634,704,14379,0
266873,722,12935,0
270425,713,11500,0
264336,749,10023,0
271693,737,8539,0
264083,694,7135,0
259770,698,5750,0
267380,704,4324,0
256726,689,2941,0
266112,724,1506,0
263575,714,68,0
262814,712,15021,0
271693,739,13558,0
269156,718,12108,0
271693,733,10659,0
267888,741,9181,0
263068,726,7693,0
269410,733,6283,0
260531,714,4870,0
264083,692,3454,0
252667,686,2078,0
265097,688,627,0
249369,661,15587,0
265858,722,14213,0
276767,732,12724,0
264083,694,11335,0
267127,721,9913,0
283616,759,8410,0
224508,618,7071,0
246071,679,5702,0
251906,667,4305,0
247086,668,2984,0
255711,666,1595,0
264844,708,190,0
251652,676,15216,0
266366,714,13882,0
252159,696,12433,0
259263,675,11084,0
271186,699,9688,0
260277,726,8249,0
250384,646,6930,0
242773,669,5560,0
252667,693,4188,0
261292,665,2857,0
245817,706,1466,0
256726,693,74,0
241505,681,15102,0
269410,708,13697,0
248101,710,12270,0
275245,710,10855,0
260277,756,9377,0
259263,695,7939,0
250891,680,6585,0
239983,672,5214,0
257740,710,3804,0
245817,693,2421,0
257233,710,1007,0
250891,688,16002,0
251398,706,14604,0
263322,729,13157,0
256218,712,11715,0
262307,732,10260,0
266619,731,8785,0
257233,710,7358,0
262053,705,5947,0
255711,699,4550,0
256218,682,3152,0
260531,714,1745,0
259009,725,322,0
255204,706,15281,0
259516,705,13866,0
263322,723,12442,0
259009,713,10968,0
278796,764,9518,0
257487,711,8066,0
255711,688,6672,0
267634,722,5281,0
258502,695,3903,0
264844,696,2514,0
263068,720,1083,0
250891,693,16066,0
254696,685,14699,0
264083,745,13253,0
262053,730,11778,0
258502,719,10358,0
272961,758,8874,0
248354,663,7475,0
254189,674,6092,0
259770,699,4685,0
260277,696,3306,0
266112,702,1914,0
261799,725,461,0
259516,695,15446,0
259770,715,14036,0
270425,719,12594,0
257233,722,11157,0
284631,760,9651,0
260024,725,8178,0
257487,691,6802,0
252413,675,5408,0
262053,709,3986,0
258755,698,2602,0
275498,730,1154,0
267380,708,16113,0
258755,694,14729,0
270932,749,13258,0
263575,728,11786,0
258502,708,10347,0
262560,731,8909,0
260277,704,7433,0
262560,690,6096,0
269410,714,4689,0
255711,680,3309,0
263068,712,1899,0
270932,714,461,0
262053,684,15462,0
267127,704,14068,0
274737,751,12564,0
263068,717,11108,0
267888,726,9676,0
273469,748,8204,0
264083,703,6778,0
260531,699,5407,0
259009,680,4012,0
266873,702,2612,0
265351,717,1190,0
266112,698,16163,0
268395,701,14760,0
280065,736,13309,0
274484,737,11847,0
267380,744,10362,0
272708,728,8907,0
257487,700,7461,0
265858,706,6079,0
275752,724,4655,0
261546,691,3253,0
265605,707,1886,0
275752,730,445,0
262560,704,15405,0
268395,707,14000,0
272961,714,12569,0
265605,715,11148,0
271186,758,9629,0
272454,726,8200,0
250891,654,6837,0
264844,726,5387,0
257487,664,4029,0
248101,662,2663,0
280572,743,1225,0
262814,686,16194,0
246832,666,14865,0
285899,738,13409,0
258502,727,11951,0
267634,707,10534,0
258502,722,9092,0
265097,722,7648,0
253174,686,6283,0
255204,689,4888,0
261292,695,3473,0
264336,692,2092,0
266619,702,703,0
266112,710,15647,0
260277,684,14268,0
273469,711,12855,0
278542,743,11378,0
265097,699,9963,0
270171,743,8474,0
261038,677,7102,0
260277,704,5681,0
252921,674,4312,0
249369,661,2945,0
267888,717,1543,0
268903,708,122,0
255457,697,15099,0
274737,724,13667,0
273976,719,12226,0
267888,718,10796,0
270171,737,9332,0
263829,715,7896,0
263575,693,6504,0
252159,707,5097,0
258755,700,3681,0
263068,691,2294,0
268903,737,846,0
263068,710,15785,0
268395,702,14386,0
267127,730,12937,0
266366,714,11503,0
288436,765,9986,0
268395,708,8516,0
259263,706,7109,0
266873,711,5709,0
263068,711,4268,0
257487,693,2871,0
273215,725,1433,0
265858,709,3,0
264336,716,14955,0
277781,748,13484,0
279303,742,11998,0
268903,721,10550,0
284377,772,9044,0
274484,718,7570,0
257487,698,6192,0
259516,693,4774,0
261799,712,3343,0
259770,719,1916,0
273215,737,455,0
267380,713,15398,0
273469,731,13955,0
274230,739,12474,0
270425,733,11011,0
279050,744,9530,0
285392,755,8035,0
269664,700,6614,0
273215,737,5178,0
261546,707,3759,0
264336,686,2363,0
280826,776,863,0
253428,666,15840,0
280826,763,14406,0
263322,717,12962,0
274484,708,11529,0
273215,734,10077,0
279050,761,8549,0
261038,686,7151,0
263321,713,5722,0
263322,692,4320,0
250130,674,2930,0
266366,746,1491,0
269156,723,24,0
251145,704,14993,0
276259,725,13558,0
264844,723,12099,0
269664,727,10650,0
264844,756,9150,0
266619,722,7692,0
250637,716,6270,0
272961,715,4842,0
254189,704,3407,0
265858,720,1993,0
267380,747,486,0
252667,698,15452,0
254189,706,14064,0
284631,777,12512,0
250384,715,11085,0
270171,741,9610,0
271186,741,8131,0
233894,677,6722,0
253174,679,5313,0
248101,673,3900,0
246832,674,2507,0
265858,727,1035,0
256472,716,16008,0
246832,697,14588,0
248354,723,13159,0
259263,724,11699,0
259516,741,10231,0
267634,764,8702,0
249876,674,7295,0
258755,710,5881,0
256979,718,4477,0
257994,701,3061,0
254443,725,1627,0
267634,720,188,0
263575,714,15162,0
262307,739,13687,0
257740,723,12235,0
265097,722,10796,0
261799,771,9287,0
262814,735,7794,0
242520,700,6400,0
249623,678,4982,0
254189,701,3572,0
251652,717,2127,0
269410,752,708,0
238461,700,15657,0
271693,733,14295,0
237446,680,12850,0
264590,715,11451,0
246578,680,10005,0
264083,751,8552,0
241759,671,7193,0
250637,716,5841,0
246578,707,4458,0
249369,664,3169,0
253174,699,1805,0
257233,703,389,0
243788,654,15431,0
248608,678,14104,0
264336,717,12662,0
257487,702,11251,0
264336,726,9811,0
256218,700,8388,0
255457,679,7023,0
248608,681,5656,0
256979,710,4267,0
254443,689,2904,0
253428,695,1497,0
252159,695,98,0
262560,677,15131,0
250637,713,13727,0
269410,722,12277,0
252159,719,10846,0
280065,747,9352,0
264336,715,7904,0
246832,672,6546,0
255711,674,5148,0
253428,696,3739,0
257740,707,2363,0
253174,721,927,0
252921,708,15892,0
259263,709,14482,0
266873,740,13016,0
261799,721,11566,0
269156,742,10099,0
264590,727,8624,0
258502,700,7213,0
256726,675,5820,0
258248,687,4401,0
262053,719,2970,0
252921,672,1601,0
273469,754,116,0
243281,636,15171,0
263322,735,13746,0
257994,721,12297,0
258755,724,10852,0
274230,733,9386,0
261799,711,7966,0
247340,659,6593,0
251398,678,5198,0
259770,666,3817,0
257740,681,2434,0
248101,660,1056,0
257994,717,15978,0
240236,634,14688,0
264844,732,13224,0
264083,700,11797,0
256979,699,10422,0
273976,742,8971,0
264844,702,7537,0
257487,677,6226,0
259516,686,4854,0
266366,670,3479,0
260531,694,2117,0
274991,759,703,0
241505,623,15770,0
269410,731,14379,0
254696,672,13052,0
262053,703,11638,0
249623,682,10255,0
274484,742,8835,0
249623,640,7495,0
249623,651,6154,0
249623,650,4822,0
258755,664,3473,0
256218,665,2151,0
270171,696,776,0
254189,667,15810,0
244295,681,14460,0
263322,710,13051,0
256979,698,11644,0
258248,712,10227,0
264590,713,8791,0
257487,690,7392,0
254189,690,6017,0
257740,697,4631,0
255204,680,3263,0
263829,689,1892,0
266112,715,473,0
263321,693,15454,0
261799,711,14045,0
262814,725,12597,0
262560,713,11171,0
270425,734,9712,0
277528,758,8217,0
254443,674,6851,0
256726,696,5447,0
271693,720,4045,0
260277,717,2636,0
263322,691,1276,0
277020,728,16171,0
245310,644,14876,0
265351,735,13426,0
263068,718,11977,0
264590,718,10541,0
262053,717,9108,0
264336,708,7696,0
264083,698,6296,0
259009,668,4948,0
260024,707,3538,0
242520,633,2233,0
266112,730,785,0
264083,690,15772,0
260531,688,14467,0
251145,667,13031,0
264844,717,11667,0
268903,724,10237,0
258755,695,8819,0
249623,665,7472,0
254696,673,6123,0
264336,699,4741,0
256218,688,3381,0
254950,674,2073,0
271693,711,657,0
262307,683,15656,0
267888,703,14335,0
245056,625,12952,0
268903,740,11536,0
246578,624,10215,0
264844,727,8768,0
242520,638,7500,0
245564,652,6164,0
250384,651,4830,0
248101,650,3547,0
265351,695,2222,0
257994,658,895,0
258755,690,15963,0
252667,631,14700,0
259770,683,13310,0
249115,652,12024,0
263829,700,10623,0
251652,666,9280,0
253174,683,7936,0
257994,653,6626,0
248354,645,5308,0
250637,662,4008,0
260024,657,2724,0
262053,680,1375,0
260277,682,4,0
250384,646,15082,0
262814,673,13756,0
253682,693,12367,0
258248,711,10955,0
249876,653,9606,0
255711,678,8189,0
255965,681,6845,0
254443,665,5537,0
253935,651,4203,0
257741,663,2873,0
260024,677,1537,0
269664,685,149,0
261038,668,15199,0
256726,694,13824,0
270171,710,12414,0
262053,697,11016,0
265605,722,9575,0
262053,696,8167,0
256726,681,6794,0
271439,692,5415,0
247340,698,4019,0
261292,680,2655,0
260277,729,1237,0
259263,669,16228,0
271439,730,14825,0
259770,711,13404,0
265351,711,11978,0
261546,717,10557,0
259516,730,9097,0
259516,717,7663,0
256218,677,6289,0
274230,719,4895,0
260785,697,3502,0
255711,678,2124,0
270678,723,708,0
256726,693,15690,0
270425,712,14276,0
274991,730,12818,0
262560,713,11384,0
272708,736,9918,0
263575,723,8456,0
255457,701,7056,0
262560,693,5663,0
259263,721,4242,0
261546,700,2866,0
262053,701,1473,0
265858,721,50,0
262053,702,15017,0
274737,726,13576,0
264336,702,12144,0
269156,728,10717,0
270425,749,9200,0
258755,703,7788,0
259263,697,6388,0
267634,708,4985,0
264844,706,3558,0
265605,707,2153,0
266112,717,718,0
267634,717,15677,0
266619,725,14234,0
271947,742,12753,0
273469,726,11292,0
265351,724,9842,0
279811,774,8333,0
265097,715,6946,0
259770,697,5554,0
256218,691,4125,0
258755,676,2742,0
268395,735,1291,0
269410,715,16227,0
263068,699,14827,0
271186,734,13381,0
275245,721,11932,0
279303,742,10469,0
278796,751,8958,0
265351,712,7512,0
264083,705,6091,0
264844,724,4667,0
259516,683,3266,0
272708,740,1805,0
264336,726,350,0
262307,695,15331,0
269156,737,13890,0
280318,759,12361,0
269917,695,10938,0
289958,784,9431,0
263575,702,7980,0
273215,711,6570,0
259516,710,5153,0
265351,705,3721,0
257487,690,2355,0
268395,737,892,0
268395,723,15826,0
265605,716,14398,0
271693,730,12952,0
271439,716,11517,0
280826,758,10026,0
279811,757,8512,0
269664,682,7102,0
261546,704,5681,0
269410,718,4262,0
261546,707,2856,0
265351,724,1430,0
269156,733,2,0
265858,706,14966,0
274230,736,13514,0
270678,713,12075,0
273215,723,10646,0
285899,766,9132,0
280826,719,7666,0
272708,705,6279,0
263322,697,4854,0
266112,707,3451,0
272708,713,2071,0
268903,715,614,0
262053,711,15588,0
271439,706,14179,0
271186,722,12730,0
268141,711,11299,0
286660,765,9798,0
267634,695,8352,0
278542,697,6928,0
264083,718,5525,0
271439,690,4138,0
244042,670,2767,0
269156,725,1345,0
273722,711,16294,0
263575,695,14888,0
271439,717,13496,0
276767,745,11992,0
249876,645,10623,0
269410,733,9117,0
257740,677,7726,0
260024,676,6365,0
266619,706,4969,0
256472,677,3607,0
262307,693,2227,0
261292,707,811,0
261292,682,15815,0
263829,708,14421,0
275752,728,12981,0
265097,713,11551,0
268649,731,10101,0
274484,734,8610,0
270425,697,7195,0
268395,697,5808,0
264590,707,4395,0
266619,687,3001,0
259009,724,1545,0
271947,713,113,0
258502,686,15120,0
271439,745,13663,0
273215,739,12176,0
267634,720,10728,0
271947,740,9251,0
267888,724,7802,0
257487,680,6397,0
277528,719,4966,0
268395,709,3547,0
269917,715,2130,0
268141,727,684,0
273215,715,15629,0
263322,724,14197,0
276259,738,12719,0
271947,741,11237,0
285899,764,9726,0
277781,742,8230,0
262814,700,6813,0
271439,715,5400,0
279811,721,3950,0
266112,698,2525,0
262814,731,1089,0
275498,727,15970,0
245310,680,14629,0
282094,762,13139,0
266619,747,11627,0
268649,709,10231,0
273469,764,8722,0
244549,635,7336,0
249876,705,5929,0
266873,721,4523,0
260024,661,3188,0
263829,732,1785,0
257233,673,379,0
252413,679,15420,0
259770,708,14016,0
262053,716,12579,0
257994,705,11167,0
266112,728,9717,0
259263,706,8286,0
261292,701,6901,0
257994,702,5529,0
263322,705,4140,0
258248,672,2785,0
265351,701,1394,0
263575,703,16373,0
261546,691,14988,0
263068,722,13565,0
260785,720,12123,0
265605,724,10688,0
268395,734,9222,0
272708,726,7752,0
257487,674,6388,0
254696,676,4991,0
260785,680,3605,0
273722,706,2216,0
265605,692,791,0
263322,692,15798,0
267888,703,14382,0
268141,721,12944,0
258502,702,11529,0
275245,725,10096,0
264336,740,8624,0
252413,673,7224,0
270425,711,5824,0
268903,713,4424,0
257994,672,3059,0
270425,723,1630,0
265097,710,201,0
271693,693,15193,0
270678,723,13770,0
262307,735,12307,0
262053,729,10855,0
275498,750,9355,0
272200,723,7887,0
262307,691,6488,0
267634,719,5050,0
262053,708,3631,0
265351,708,2227,0
274737,732,774,0
269917,708,15723,0
272708,713,14306,0
266873,736,12836,0
271439,731,11360,0
280572,770,9836,0
271947,745,8316,0
261799,695,6927,0
265605,716,5504,0
263321,708,4041,0
263829,699,2647,0
272961,740,1200,0
274230,730,16112,0
274230,714,14684,0
278289,742,13214,0
271186,726,11749,0
274991,746,10270,0
271186,746,8767,0
268141,708,7327,0
264336,718,5903,0
274737,733,4456,0
271693,720,3015,0
273469,730,1570,0
272961,722,114,0
274484,715,15071,0
281333,741,13606,0
286914,757,12085,0
283109,755,10579,0
264590,719,9099,0
281840,733,7617,0
269917,718,6191,0
259263,708,4729,0
261292,681,3315,0
280318,730,1871,0
267888,732,406,0
284377,732,15311,0
265097,719,13874,0
283616,734,12407,0
282094,748,10940,0
279050,776,9388,0
273722,726,7906,0
252667,703,6495,0
268141,722,5038,0
268649,721,3606,0
267888,717,2198,0
276767,753,702,0
269156,718,15636,0
266873,716,14207,0
274737,741,12733,0
263575,721,11281,0
285899,769,9764,0
268395,749,8256,0
273215,730,6807,0
259516,719,5376,0
253935,691,3948,0
255204,677,2565,0
275752,763,1039,0
255711,674,16021,0
271947,747,14579,0
268649,727,13108,0
277020,748,11685,0
283362,756,10176,0
267634,710,8743,0
267888,724,7308,0
264844,703,5917,0
257740,715,4480,0
266366,697,3083,0
268649,711,1666,0
264844,713,235,0
263829,706,15197,0
267888,732,13751,0
272708,746,12251,0
275498,742,10769,0
278542,736,9277,0
264844,725,7828,0
257233,675,6423,0
250637,705,4987,0
269664,733,3552,0
255204,692,2140,0
260785,723,720,0
265605,721,15639,0
251906,675,14271,0
276767,749,12806,0
268395,727,11342,0
267127,727,9875,0
278542,730,8425,0
257994,687,6995,0
264336,702,5588,0
273215,719,4189,0
246071,683,2830,0
270425,735,1369,0
259263,686,16340,0
244549,693,14977,0
262307,721,13545,0
264590,730,12075,0
262053,735,10610,0
278035,750,9113,0
261799,712,7672,0
260024,691,6289,0
260785,713,4867,0
261292,699,3453,0
254696,709,2048,0
276767,740,575,0
242773,706,15533,0
272200,726,14105,0
252921,733,12638,0
264083,726,11187,0
269410,767,9683,0
267634,740,8175,0
249876,689,6760,0
258755,731,5334,0
254696,725,3900,0
267127,715,2484,0
250891,713,1026,0
250637,703,15986,0
258248,716,14566,0
257487,755,13058,0
256726,739,11569,0
264590,734,10118,0
264083,752,8617,0
251145,698,7173,0
265858,735,5745,0
253682,701,4332,0
251652,693,2905,0
267888,748,1455,0
270425,731,16358,0
266619,712,14932,0
269664,737,13470,0
263829,734,11993,0
266619,741,10523,0
271947,758,9009,0
265605,731,7515,0
268903,728,6103,0
257487,702,4669,0
263829,716,3225,0
259263,710,1810,0
265605,741,319,0
270678,711,15274,0
271693,733,13823,0
271186,738,12339,0
267127,738,10868,0
282855,762,9356,0
260785,754,7843,0
254443,693,6441,0
261038,700,4993,0
257233,697,3561,0
253935,704,2165,0
271947,739,669,0
244295,685,15642,0
274737,741,14233,0
260531,753,12733,0
266112,733,11263,0
274991,730,9819,0
267127,770,8322,0
253935,675,6921,0
249369,684,5531,0
258502,716,4091,0
255711,701,2686,0
262307,719,1272,0
256979,715,16210,0
258248,700,14811,0
262814,729,13367,0
269917,738,11896,0
272200,747,10415,0
278289,752,8902,0
268141,710,7459,0
265858,716,6046,0
256979,699,4623,0
255711,701,3199,0
263829,738,1768,0
267380,728,299,0
263321,703,15266,0
265097,728,13829,0
269156,743,12350,0
273976,744,10873,0
272708,761,9357,0
269410,735,7872,0
268395,716,6437,0
273215,721,5005,0
260531,711,3576,0
262307,714,2155,0
274737,753,672,0
256218,721,15599,0
273215,735,14141,0
274484,754,12632,0
268141,739,11148,0
278035,758,9645,0
269156,731,8162,0
277781,740,6710,0
272961,722,5258,0
265351,699,3831,0
272961,728,2399,0
276767,764,898,0
265858,719,15814,0
263575,712,14405,0
277274,769,12912,0
276006,752,11395,0
277528,744,9917,0
277528,769,8399,0
265097,678,6987,0
271186,701,5547,0
267634,720,4085,0
276006,719,2666,0
276767,740,1196,0
271186,721,16124,0
268649,707,14709,0
284123,767,13214,0
272708,754,11688,0
273722,706,10258,0
283362,775,8708,0
260785,689,7306,0
283109,745,5876,0
265605,687,4465,0
273469,726,3074,0
268649,711,1663,0
272200,712,236,0
261292,697,15233,0
269664,731,13783,0
267127,737,12305,0
278796,731,10847,0
277274,734,9380,0
271186,718,7937,0
267634,711,6521,0
266366,711,5102,0
276006,723,3666,0
276767,716,2241,0
273722,730,792,0
269410,695,15765,0
268141,726,14327,0
280826,744,12844,0
263068,731,11376,0
284884,756,9875,0
266366,739,8379,0
268903,716,6933,0
274230,715,5502,0
270171,730,4048,0
265858,712,2622,0
280572,738,1160,0
275752,729,16076,0
267127,717,14646,0
266619,743,13163,0
277781,757,11652,0
278542,771,10122,0
280826,752,8634,0
260277,685,7208,0
266366,709,5753,0
264844,699,4323,0
266619,715,2910,0
276767,727,1468,0
285899,748,16346,0
263322,685,14959,0
267634,728,13526,0
283362,759,11996,0
262053,695,10559,0
283616,787,9036,0
276513,754,7576,0
266366,707,6212,0
273976,726,4812,0
262307,693,3408,0
266366,711,2004,0
267380,711,576,0
268141,708,15545,0
273469,720,14125,0
266619,732,12661,0
261546,719,11223,0
265858,721,9772,0
276006,769,8301,0
259263,677,6924,0
253682,673,5523,0
262307,686,4131,0
263575,712,2747,0
272454,730,1304,0
257994,666,16325,0
265858,700,14914,0
271693,727,13471,0
269156,703,12040,0
265351,712,10629,0
273215,748,9133,0
262560,706,7701,0
265097,704,6297,0
268903,711,4907,0
260277,688,3511,0
263575,693,2127,0
271947,725,667,0
271439,700,15639,0
273976,706,14241,0
276006,727,12788,0
267888,714,11353,0
273976,758,9848,0
274737,736,8356,0
253682,693,6944,0
266112,720,5534,0
270932,699,4128,0
266873,707,2720,0
276513,758,1250,0
260785,679,16198,0
263829,697,14827,0
277781,744,13337,0
272961,739,11854,0
282601,739,10384,0
270932,751,8914,0
250891,664,7492,0
254696,678,6090,0
266873,716,4656,0
268395,711,3254,0
267888,716,1836,0
268395,726,385,0
259009,694,15367,0
277274,724,13935,0
281840,755,12425,0
269156,729,10950,0
273722,738,9493,0
273722,751,8012,0
251145,688,6597,0
263068,713,5149,0
265605,699,3756,0
269664,706,2342,0
279811,763,850,0
252413,663,15849,0
268903,724,14438,0
271947,747,12950,0
277528,734,11477,0
275498,742,10009,0
263575,726,8537,0
268395,707,7117,0
257994,721,5686,0
264844,712,4247,0
261038,708,2854,0
264336,725,1412,0
261546,714,16351,0
267634,716,14912,0
270678,745,13438,0
257233,693,12019,0
281587,755,10548,0
277781,756,9031,0
273976,716,7574,0
258248,713,6155,0
257487,708,4740,0
260024,710,3309,0
263068,732,1894,0
269917,729,422,0
266873,717,15368,0
273469,741,13909,0
267127,746,12418,0
269664,737,10946,0
272200,733,9467,0
277781,753,7969,0
266112,699,6552,0
270425,730,5083,0
262814,718,3668,0
260024,700,2280,0
271947,754,763,0
266112,705,15743,0
256979,715,14320,0
282094,762,12814,0
271947,743,11321,0
269917,732,9877,0
264844,714,8375,0
259770,679,6943,0
268903,691,5555,0
263829,694,4120,0
257487,688,2736,0
252667,686,1341,0
267380,717,16240,0
245817,657,14924,0
280065,758,13427,0
259516,684,12059,0
277020,755,10617,0
262053,690,9178,0
252159,662,7758,0
258248,692,6377,0
275245,714,4998,0
265605,694,3636,0
253428,665,2288,0
267380,728,834,0
258248,673,15871,0
262814,699,14478,0
263829,719,13045,0
271186,710,11621,0
263829,726,10184,0
267634,712,8740,0
257740,690,7349,0
268903,690,5958,0
265605,692,4571,0
264844,698,3174,0
268141,704,1778,0
258755,725,343,0
266112,697,15318,0
267634,717,13899,0
265097,728,12439,0
261292,717,11003,0
275245,744,9523,0
265858,727,8062,0
263829,717,6638,0
266873,709,5221,0
270425,722,3792,0
263322,702,2384,0
264083,721,946,0
270932,732,15887,0
251652,676,14482,0
270171,738,13044,0
255204,737,11555,0
282094,754,10058,0
255457,735,8600,0
247847,661,7196,0
251906,702,5781,0
256979,689,4347,0
257233,685,2979,0
263068,748,1532,0
264844,702,82,0
244549,673,15119,0
262560,754,13659,0
262814,733,12170,0
248354,698,10784,0
267127,758,9297,0
262560,722,7844,0
252159,670,6467,0
255457,702,5058,0
253682,704,3665,0
263068,702,2265,0
266366,743,800,0
259516,695,15768,0
258502,697,14385,0
275245,729,12941,0
254443,722,11488,0
270932,752,10007,0
274230,743,8501,0
251398,700,7076,0
259009,710,5664,0
261799,710,4240,0
260277,707,2828,0
265097,732,1385,0
268649,724,16309,0
265605,718,14876,0
273722,746,13396,0
278035,738,11908,0
270171,747,10426,0
266619,734,8946,0
265097,733,7482,0
261038,708,6067,0
261038,740,4605,0
254696,706,3190,0
262307,714,1743,0
272961,757,259,0
260531,698,15203,0
263829,721,13784,0
281840,785,12260,0
272708,725,10769,0
272454,739,9328,0
271693,752,7799,0
257994,665,6430,0
248608,684,5017,0
262307,717,3574,0
256979,674,2213,0
260024,721,744,0
263829,692,15725,0
249876,700,14335,0
277274,722,12894,0
249369,708,11471,0
284631,731,10021,0
251652,728,8559,0
264844,697,7141,0
259516,720,5728,0
251652,694,4324,0
248608,696,2923,0
267127,742,1502,0
247847,697,66,0
245817,689,15073,0
265351,728,13638,0
259516,743,12140,0
269410,739,10667,0
255457,727,9205,0
271439,725,7759,0
239983,695,6361,0
265097,714,4932,0
252413,728,3492,0
255204,698,2104,0
257740,731,638,0
248354,702,15606,0
255457,717,14189,0
265858,755,12706,0
261038,743,11217,0
268141,748,9732,0
259770,720,8272,0
256979,721,6835,0
257233,698,5439,0
261292,722,3988,0
258755,720,2557,0
266873,705,1135,0
262560,747,16060,0
255457,714,14618,0
250637,705,13222,0
268649,752,11705,0
247593,695,10260,0
274230,758,8789,0
265605,723,7336,0
250637,681,5966,0
255204,686,4577,0
250130,686,3169,0
254443,697,1774,0
271947,723,349,0
264844,679,15318,0
256472,713,13965,0
271693,744,12479,0
252413,683,11062,0
255711,735,9634,0
273215,725,8145,0
236178,692,6831,0
255965,722,5428,0
242012,663,4107,0
237192,648,2782,0
248101,706,1377,0
256472,693,16365,0
257487,689,14997,0
261546,716,13585,0
257487,712,12157,0
253682,713,10736,0
260277,722,9291,0
250637,688,7890,0
251398,692,6496,0
255711,712,5113,0
250891,688,3717,0
261799,712,2313,0
259516,703,912,0
257233,698,15900,0
260531,700,14508,0
272708,755,13031,0
260024,698,11584,0
265858,724,10172,0
273469,744,8685,0
251145,683,7249,0
254950,701,5857,0
269410,725,4462,0
263322,722,3070,0
256472,699,1688,0
272454,713,270,0
247847,693,15255,0
273215,711,13850,0
255965,717,12418,0
270425,712,11000,0
271947,733,9542,0
266619,727,8066,0
247086,687,6672,0
259516,713,5253,0
253935,687,3867,0
248608,695,2460,0
262814,713,1041,0
268395,721,15969,0
261038,710,14553,0
266873,729,13094,0
263829,717,11650,0
266619,734,10195,0
280318,751,8700,0
265351,707,7263,0
259263,732,5830,0
259009,697,4413,0
256726,701,3014,0
266112,718,1595,0
259009,724,129,0
260785,703,15103,0
272454,744,13639,0
268395,744,12142,0
276259,743,10655,0
269917,724,9176,0
271947,737,7687,0
264590,711,6283,0
274991,709,4844,0
253428,697,3429,0
260531,707,2000,0
265858,740,537,0
259770,716,15467,0
268395,736,14017,0
275498,741,12533,0
275245,728,11073,0
272708,756,9572,0
274230,737,8090,0
267888,711,6657,0
271693,731,5203,0
266112,706,3780,0
271693,726,2329,0
268649,739,851,0
263575,716,15791,0
271693,730,14344,0
272200,748,12847,0
268903,739,11369,0
288182,784,9818,0
273976,747,8294,0
264083,706,6865,0
274991,734,5408,0
280826,739,3965,0
273215,739,2526,0
280826,736,1045,0
269156,719,16000,0
258755,722,14549,0
265097,752,13051,0
269410,737,11562,0
282601,768,10050,0
271947,751,8536,0
263575,707,7097,0
273469,726,5650,0
276513,738,4184,0
263322,707,2760,0
290212,759,1279,0
261292,703,16191,0
272454,756,14731,0
269917,731,13253,0
275245,733,11789,0
268903,773,10249,0
288436,756,8762,0
253428,687,7333,0
244295,690,5909,0
274230,713,4458,0
241505,688,3035,0
273976,717,1618,0
260277,717,137,0
266366,718,15161,0
267127,730,13709,0
257233,725,12240,0
252667,709,10830,0
260277,736,9370,0
257233,736,7896,0
257994,707,6524,0
256218,714,5122,0
256979,702,3731,0
255711,694,2362,0
263575,717,903,0
257487,687,15898,0
264844,708,14510,0
275245,756,13001,0
256726,689,11612,0
270932,761,10150,0
260785,715,8678,0
260531,719,7263,0
262814,701,5859,0
252159,705,4451,0
260277,696,3049,0
260024,708,1651,0
267634,730,198,0
260277,698,15174,0
267888,730,13735,0
273976,744,12242,0
277274,742,10766,0
273469,747,9272,0
265097,712,7829,0
252413,705,6402,0
259770,750,4954,0
266619,729,3525,0
247847,690,2165,0
265351,738,697,0
262814,713,15618,0
268395,739,14239,0
261546,714,12762,0
262053,695,11366,0
273976,753,9901,0
274737,743,8391,0
255711,682,6999,0
255965,702,5634,0
264590,720,4196,0
248354,668,2825,0
272961,742,1424,0
247593,657,35,0
271693,718,15035,0
245056,662,13648,0
270171,729,12242,0
250130,676,10817,0
265097,702,9421,0
269156,712,7972,0
267380,702,6619,0
248101,683,5279,0
250891,665,3946,0
253682,692,2558,0
256218,700,1167,0
256472,680,16173,0
256726,673,14832,0
272708,726,13396,0
265351,712,11964,0
267380,720,10532,0
274230,728,9074,0
271693,689,7678,0
266366,701,6299,0
255204,677,4925,0
262814,691,3523,0
261546,700,2123,0
271186,732,708,0
261038,686,15697,0
255457,687,14331,0
276767,742,12866,0
270171,721,11413,0
270678,727,9969,0
269917,719,8518,0
271439,697,7117,0
257487,709,5707,0
275498,720,4273,0
248354,675,2904,0
272454,728,1482,0
264844,719,28,0
261038,701,15012,0
272200,725,13579,0
276259,743,12099,0
274737,742,10628,0
273469,751,9115,0
268395,709,7671,0
269917,718,6254,0
273976,716,4819,0
268395,715,3394,0
265097,708,1982,0
272454,741,516,0
272200,718,15441,0
267888,725,14007,0
264336,739,12527,0
269410,736,11063,0
287168,775,9520,0
276006,744,8015,0
261799,696,6599,0
269664,741,5141,0
272200,713,3699,0
268903,727,2271,0
273469,761,766,0
262053,726,15684,0
270932,735,14229,0
278289,756,12724,0
268395,740,11239,0
276513,765,9719,0
283362,768,8165,0
256472,698,6740,0
266112,741,5265,0
284631,738,3818,0
266366,721,2387,0
274230,754,863,0
263575,716,15796,0
260024,724,14362,0
278542,777,12835,0
270171,755,11316,0
280318,766,9783,0
263068,740,8287,0
274991,740,6818,0
266366,727,5382,0
260785,723,3911,0
269410,728,2440,0
276767,741,962,0
256979,712,15904,0
273469,755,14421,0
272454,762,12892,0
263068,736,11449,0
274484,756,9898,0
258755,735,8415,0
265858,754,6936,0
264083,727,5514,0
260277,706,4086,0
249623,677,2697,0
273469,759,1236,0
268395,723,16159,0
266112,708,14742,0
267888,736,13273,0
264083,725,11809,0
270171,740,10334,0
272708,753,8828,0
262560,717,7367,0
267888,727,5931,0
265605,728,4467,0
263068,709,3048,0
266112,726,1612,0
279050,783,96,0
262053,675,15086,0
278796,753,13645,0
266873,720,12115,0
267888,716,10706,0
286407,795,9161,0
256472,701,7718,0
251145,697,6330,0
260785,724,4881,0
253174,665,3481,0
264590,716,2071,0
275245,748,597,0
261038,688,15566,0
266873,700,14182,0
278035,742,12695,0
268649,732,11233,0
274991,763,9729,0
274737,735,8244,0
264844,717,6812,0
261799,712,5377,0
263068,703,3966,0
263068,709,2546,0
274991,762,1067,0
260024,689,16006,0
275498,715,14610,0
268903,751,13131,0
277781,748,11626,0
274737,724,10172,0
279303,757,8668,0
259770,711,7219,0
264336,707,5813,0
260785,725,4359,0
263322,714,2943,0
267634,735,1478,0
267888,721,22,0
266366,705,14989,0
279050,747,13525,0
272961,751,12005,0
285392,757,10499,0
272708,729,9029,0
281333,737,7531,0
270932,720,6133,0
267380,725,4681,0
274484,720,3227,0
267380,720,1789,0
268649,726,343,0
260024,676,15276,0
272961,721,13869,0
263322,720,12334,0
276259,710,10930,0
288182,795,9385,0
273722,718,7945,0
259770,668,6549,0
268141,700,5125,0
257487,705,3715,0
269410,729,2312,0
269664,737,838,0
260785,690,15813,0
259516,688,14441,0
277274,763,12944,0
275752,746,11451,0
269917,703,10050,0
274230,755,8546,0
263322,668,7139,0
261799,668,5775,0
268141,711,4339,0
245310,655,3016,0
270678,724,1600,0
262307,711,163,0
254189,651,15213,0
281333,771,13750,0
247593,660,12372,0
285138,741,10952,0
256726,704,9500,0
274484,720,8071,0
271186,705,6718,0
263575,705,5338,0
254696,668,3982,0
248608,662,2649,0
252159,706,1239,0
250891,688,16232,0
252159,667,14892,0
269410,733,13470,0
261038,717,11996,0
255457,693,10599,0
261546,712,9175,0
252413,662,7755,0
261038,681,6377,0
265605,703,5001,0
255965,684,3619,0
258248,707,2219,0
263322,712,800,0
253428,685,15793,0
262053,696,14416,0
268903,732,12960,0
268903,728,11512,0
276006,747,10032,0
265858,728,8560,0
264336,702,7156,0
264844,678,5760,0
263322,701,4330,0
262307,703,2939,0
264336,719,1517,0
267634,732,63,0
253428,706,15023,0
274737,739,13564,0
268141,731,12091,0
273215,737,10624,0
274230,746,9130,0
269156,724,7676,0
265605,722,6244,0
264336,711,4814,0
268395,718,3385,0
278289,722,1945,0
270678,744,465,0
259516,718,15397,0
271186,737,13937,0
270678,745,12438,0
274737,743,10953,0
273976,762,9435,0
285646,755,7916,0
258755,699,6493,0
270678,735,5026,0
268903,723,3575,0
274991,730,2122,0
277528,757,628,0
273215,725,15544,0
272200,744,14079,0
269664,760,12567,0
276767,754,11059,0
279303,781,9513,0
274484,765,7967,0
262053,706,6528,0
272708,738,5039,0
270171,729,3585,0
273215,732,2122,0
272454,744,639,0
284631,749,15515,0
274484,747,14027,0
276767,761,12504,0
276259,756,10996,0
278542,776,9455,0
278796,764,7932,0
269156,728,6459,0
272708,746,4984,0
272200,722,3502,0
280826,762,2020,0
275752,761,491,0
281079,733,15395,0
283616,753,13906,0
282348,764,12374,0
274484,760,10860,0
283362,786,9300,0
275752,758,7759,0
273976,730,6297,0
283362,771,4782,0
271947,722,3330,0
279811,750,1838,0
281840,765,312,0
277020,731,15221,0
283870,758,13721,0
290973,778,12173,0
286914,776,10638,0
283870,786,9063,0
281587,760,7511,0
273215,739,6076,0
277274,746,4584,0
275752,727,3095,0
277528,738,1619,0
282601,768,111,0
268649,715,15015,0
285138,746,13549,0
286407,784,11969,0
288182,751,10457,0
283616,772,8963,0
270678,737,7430,0
269410,702,6043,0
277528,751,4546,0
261546,703,3113,0
272708,723,1680,0
274230,744,182,0
267634,716,15127,0
275752,753,13651,0
274484,753,12141,0
280572,748,10649,0
284631,785,9097,0
272708,743,7590,0
270678,722,6148,0
277781,737,4685,0
259263,720,3239,0
277020,737,1778,0
275498,757,272,0
272454,729,15187,0
275245,761,13684,0
283870,759,12160,0
282855,764,10644,0
276513,743,9130,0
282094,759,7612,0
270425,729,6191,0
271186,716,4730,0
260277,729,3263,0
268649,736,1792,0
282855,747,319,0
258755,680,15251,0
279811,760,13813,0
277781,767,12261,0
262814,707,10846,0
283109,775,9333,0
278289,729,7847,0
261546,715,6405,0
270678,719,4985,0
260531,700,3550,0
262560,725,2123,0
268903,736,651,0
268141,725,15585,0
261546,737,14129,0
278542,752,12626,0
270932,743,11142,0
270678,764,9623,0
273976,738,8127,0
267634,714,6695,0
273976,724,5246,0
272454,730,3783,0
263575,718,2342,0
269664,756,844,0
265097,727,15755,0
264083,733,14309,0
279050,757,12804,0
270678,756,11287,0
281587,783,9741,0
277274,756,8211,0
262307,716,6761,0
268141,743,5295,0
273976,733,3818,0
273722,734,2357,0
279050,752,861,0
263829,737,15768,0
277781,754,14258,0
274484,754,12759,0
269664,747,11264,0
278542,787,9704,0
277528,745,8208,0
258502,709,6739,0
279557,750,5266,0
268903,725,3800,0
270678,736,2331,0
282348,751,831,0
273215,732,15739,0
268395,734,14283,0
277020,784,12733,0
273976,764,11200,0
270171,748,9670,0
287168,790,8124,0
271693,745,6694,0
278289,758,5209,0
271947,721,3778,0
271693,738,2360,0
282094,751,851,0
270678,701,15818,0
271693,723,14401,0
282601,753,12900,0
274991,739,11407,0
268395,770,9884,0
280065,748,8373,0
254189,708,6941,0
278035,729,5491,0
262307,717,4050,0
263068,719,2610,0
283616,771,1109,0
270425,726,16006,0
274991,724,14569,0
279811,754,13076,0
272454,736,11595,0
282094,796,10050,0
268903,740,8518,0
263322,712,7094,0
276259,758,5599,0
266619,707,4180,0
269410,716,2768,0
272708,749,1267,0
267634,705,16223,0
276006,742,14786,0
287168,748,13288,0
260785,710,11864,0
287421,770,10343,0
269664,738,8868,0
259516,680,7423,0
260531,693,6010,0
264336,709,4599,0
262053,694,3204,0
258248,683,1811,0
269156,737,330,0
269917,685,15313,0
251398,707,13916,0
288182,754,12438,0
280572,747,10940,0
261799,711,9516,0
266619,742,8013,0
257233,693,6614,0
259263,681,5225,0
260024,734,3780,0
248354,655,2435,0
269664,737,982,0
260785,708,15940,0
259770,692,14554,0
271186,722,13122,0
274737,722,11674,0
271947,740,10208,0
282094,754,8714,0
250384,668,7295,0
260785,710,5910,0
252413,681,4491,0
251652,653,3157,0
252667,688,1734,0
261799,706,315,0
249115,677,15341,0
267634,692,13968,0
269410,750,12493,0
261038,668,11092,0
283870,768,9639,0
265097,706,8214,0
245564,653,6853,0
260531,701,5457,0
264590,721,4054,0
249369,663,2737,0
266873,739,1300,0
250130,673,16286,0
254950,679,14953,0
262307,718,13523,0
265605,716,12086,0
272454,722,10659,0
261799,704,9233,0
271439,738,7790,0
269664,716,6402,0
246071,658,5080,0
248862,672,3705,0
253935,664,2341,0
257994,707,924,0
263829,683,15927,0
253428,687,14566,0
262560,710,13154,0
266366,716,11726,0
274737,731,10276,0
267634,733,8805,0
265858,691,7402,0
264844,700,6012,0
261292,707,4612,0
253682,670,3231,0
259263,709,1821,0
270932,729,375,0
257740,697,15343,0
265858,722,13911,0
272961,733,12447,0
270678,722,11004,0
272708,743,9523,0
269664,742,8041,0
263829,672,6646,0
262560,686,5235,0
254696,678,3816,0
260024,673,2429,0
275752,748,935,0
259263,696,15926,0
267380,716,14522,0
268649,751,13026,0
272961,720,11572,0
272454,732,10119,0
264590,721,8661,0
266619,712,7217,0
268395,699,5817,0
268903,716,4367,0
263829,715,2962,0
266619,733,1510,0
263068,721,59,0
259516,703,15036,0
270932,756,13560,0
276259,745,12058,0
272708,729,10588,0
274484,749,9092,0
268903,712,7611,0
280065,736,6188,0
273469,716,4775,0
271439,711,3327,0
271947,727,1887,0
271693,730,427,0
272200,719,15379,0
277020,743,13914,0
272200,746,12422,0
278542,745,10938,0
286914,760,9420,0
276767,759,7892,0
267888,706,6473,0
263322,699,5030,0
260277,701,3597,0
283870,736,2147,0
251652,685,726,0
274737,740,15608,0
257994,699,14234,0
260785,721,12795,0
272454,752,11305,0
260785,690,9863,0
270932,736,8372,0
266619,714,6960,0
258502,674,5633,0
264083,702,4222,0
269664,683,2876,0
263829,690,1525,0
257994,701,82,0
251145,653,15152,0
260531,689,13792,0
264083,716,12351,0
262053,712,10926,0
264336,709,9500,0
272200,739,8048,0
261292,692,6701,0
262053,693,5314,0
262560,691,3935,0
259770,661,2596,0
274230,727,1175,0
264844,698,16148,0
260785,693,14770,0
263321,718,13353,0
261546,706,11925,0
268395,720,10496,0
276767,757,8993,0
265097,684,7577,0
263575,692,6217,0
266366,702,4795,0
261799,663,3435,0
271439,711,2032,0
273469,716,601,0
271186,688,15597,0
264590,717,14194,0
267634,728,12726,0
269410,710,11301,0
272708,735,9843,0
263829,712,8404,0
277274,711,6963,0
270932,725,5561,0
254950,686,4188,0
269410,685,2804,0
274737,741,1365,0
254696,670,16321,0
269156,701,14955,0
257740,726,13508,0
269156,727,12045,0
267380,731,10594,0
266112,723,9167,0
266112,715,7710,0
259770,691,6329,0
254950,678,4944,0
264336,699,3557,0
263322,701,2150,0
268141,708,777,0
262560,692,15723,0
254443,657,14429,0
270932,750,12917,0
255711,689,11542,0
260785,712,10136,0
270678,743,8672,0
255457,698,7256,0
265605,700,5917,0
257994,720,4513,0
253174,655,3213,0
259009,700,1840,0
270171,712,405,0
255711,665,15429,0
267380,701,14093,0
272708,751,12595,0
242520,660,11286,0
277020,743,9792,0
236685,660,8439,0
262307,686,7060,0
249115,696,5675,0
244042,678,4347,0
245056,650,3033,0
262307,712,1626,0
246832,663,246,0
266112,676,15301,0
254950,717,13868,0
256472,666,12512,0
250891,714,11112,0
258755,732,9664,0
254443,700,8250,0
248101,683,6884,0
245817,684,5514,0
265097,716,4115,0
250384,681,2764,0
251906,712,1343,0
261546,697,16320,0
246071,683,14956,0
267634,716,13546,0
266112,727,12080,0
266873,736,10622,0
261546,728,9157,0
256218,697,7744,0
250637,703,6344,0
260024,710,4912,0
256979,708,3522,0
252667,686,2156,0
270932,752,671,0
253935,695,15654,0
255965,694,14283,0
268649,746,12820,0
259263,721,11375,0
269410,744,9899,0
273469,722,8460,0
247086,672,7037,0
251398,665,5649,0
250637,677,4264,0
261292,703,2866,0
238968,662,1510,0
263321,716,46,0
238968,634,15135,0
265097,725,13708,0
255457,691,12263,0
264844,710,10897,0
272200,734,9422,0
262560,700,8007,0
250384,666,6662,0
259263,700,5269,0
255965,701,3900,0
254443,686,2517,0
251652,700,1118,0
259516,721,16084,0
264844,701,14748,0
248862,671,13349,0
263068,711,11946,0
261799,718,10515,0
268649,738,9037,0
260531,692,7627,0
260277,704,6268,0
262560,693,4912,0
253682,680,3537,0
264844,706,2150,0
262053,712,722,0
250384,679,15721,0
263829,706,14331,0
262053,732,12869,0
274484,714,11429,0
276513,743,9962,0
257994,725,8496,0
268903,708,7081,0
265351,706,5660,0
263068,708,4250,0
256726,698,2842,0
262814,720,1409,0
261799,725,16343,0
257994,712,14916,0
271693,745,13447,0
265858,728,11978,0
274484,752,10493,0
277274,759,8974,0
266112,715,7521,0
262053,724,6074,0
267127,717,4641,0
258248,692,3211,0
272454,700,1794,0
255204,686,323,0
255711,703,15261,0
267634,727,13863,0
279050,775,12321,0
253682,681,10936,0
280572,773,9439,0
266873,728,7952,0
264844,699,6615,0
264590,707,5174,0
253935,670,3835,0
270678,704,2443,0
266112,701,1047,0
263829,709,16030,0
252667,679,14643,0
264336,701,13257,0
265858,728,11799,0
268141,735,10338,0
270171,709,8905,0
259770,699,7505,0
257741,663,6136,0
261546,711,4709,0
257740,688,3321,0
263829,699,1960,0
267888,695,491,0
249876,667,15559,0
266366,709,14114,0
257487,686,12755,0
270678,731,11310,0
265605,727,9855,0
260531,706,8467,0
259770,680,7088,0
259516,688,5704,0
259516,702,4305,0
260531,688,2918,0
267380,691,1547,0
273722,726,126,0
265351,685,15102,0
263829,698,13730,0
266366,732,12290,0
260531,725,10839,0
269410,731,9366,0
266619,701,7943,0
266366,707,6545,0
268649,723,5125,0
262053,702,3744,0
258755,681,2397,0
277528,746,933,0
266619,698,15886,0
268903,687,14561,0
267380,745,13069,0
263068,674,11676,0
267888,739,10248,0
263575,727,8770,0
269156,705,7356,0
245056,668,5999,0
253682,673,4602,0
259516,688,3205,0
249369,661,1858,0
258755,686,418,0
267380,699,15416,0
262053,709,14013,0
269156,725,12568,0
258755,711,11150,0
270932,727,9711,0
263575,734,8249,0
250891,663,6881,0
261038,706,5476,0
271693,723,4056,0
259009,681,2694,0
272708,736,1270,0
264590,710,16209,0
246578,639,14893,0
276259,769,13386,0
267888,690,11995,0
255204,707,10596,0
282094,747,9109,0
240744,701,7684,0
259263,707,6299,0
263068,702,4889,0
248608,684,3513,0
257994,698,2124,0
264590,730,675,0
262814,709,15627,0
260531,707,14215,0
265351,727,12765,0
276006,715,11332,0
276006,777,9817,0
253174,700,8375,0
261799,718,6958,0
256218,709,5537,0
247847,683,4132,0
265351,711,2742,0
251398,670,1339,0
270932,741,16293,0
245564,664,14921,0
259770,699,13542,0
269664,720,12091,0
268903,724,10652,0
273469,738,9181,0
263575,708,7744,0
253174,685,6371,0
261799,701,4952,0
262814,719,3541,0
270171,721,2142,0
256726,721,692,0
265351,689,15684,0
259009,704,14290,0
266873,743,12816,0
271693,728,11361,0
279557,750,9874,0
266619,729,8393,0
270171,707,6975,0
265351,712,5540,0
260531,716,4111,0
261546,709,2684,0
256218,714,1264,0
272200,759,16135,0
254443,678,14785,0
278796,772,13304,0
260785,692,11835,0
272961,728,10408,0
277781,750,8896,0
281079,721,7443,0
264590,715,6009,0
270171,720,4568,0
259770,694,3171,0
272708,725,1729,0
267380,723,273,0
259770,716,15218,0
277020,738,13753,0
275245,744,12260,0
267380,743,10777,0
287675,773,9239,0
265351,735,7741,0
268903,713,6309,0
271947,714,4853,0
273722,735,3392,0
267634,721,1954,0
271439,753,464,0
264336,729,15372,0
273722,748,13898,0
278796,754,12382,0
279050,748,10886,0
276513,757,9369,0
279050,762,7865,0
268649,707,6420,0
282348,757,4938,0
271186,728,3490,0
256726,701,2060,0
286153,763,534,0
266366,729,15445,0
260531,723,14005,0
280572,757,12506,0
272454,757,10989,0
284377,765,9447,0
266873,734,7966,0
269917,725,6504,0
266366,729,5065,0
277274,714,3602,0
259009,694,2172,0
276259,760,669,0
255711,676,15601,0
266619,738,14196,0
281079,769,12669,0
268649,740,11172,0
274991,737,9749,0
271439,737,8204,0
255965,671,6869,0
265858,706,5408,0
254443,668,4061,0
253935,684,2645,0
275752,743,1246,0
250891,645,16253,0
275245,713,14888,0
259263,704,13457,0
256472,693,12067,0
262307,709,10669,0
267634,739,9182,0
262307,708,7750,0
263321,680,6388,0
251906,702,4995,0
266873,692,3611,0
249369,700,2220,0
273215,721,787,0
265351,700,15755,0
261292,711,14339,0
264083,735,12868,0
261799,723,11414,0
269917,747,9929,0
269410,733,8451,0
255457,713,7027,0
255711,690,5631,0
260277,685,4217,0
262560,723,2766,0
259263,686,1376,0
276006,728,16291,0
259263,706,14881,0
262814,733,13431,0
277781,728,11968,0
272200,743,10505,0
265351,762,8959,0
262307,713,7500,0
262560,714,6100,0
268903,721,4671,0
262053,725,3258,0
263829,714,1842,0
265858,726,409,0
261799,716,15346,0
266619,694,13962,0
278796,757,12471,0
270932,738,10994,0
264844,730,9563,0
259770,705,8090,0
253174,691,6682,0
255204,675,5303,0
255204,683,3903,0
252159,664,2517,0
270678,730,1092,0
263068,700,16050,0
261038,696,14669,0
273215,722,13238,0
266112,711,11810,0
274991,729,10371,0
281587,769,8847,0
259516,699,7416,0
264590,699,6055,0
262814,704,4627,0
250637,671,3269,0
273976,722,1858,0
260531,715,385,0
260277,671,15413,0
272961,727,14008,0
271439,736,12533,0
280318,730,11075,0
271693,717,9621,0
271186,733,8168,0
249623,667,6777,0
260277,716,5350,0
265605,709,3937,0
255457,702,2516,0
271693,719,1096,0
276006,727,16045,0
271439,724,14593,0
270425,723,13147,0
270932,715,11709,0
288690,751,10242,0
280826,748,8730,0
263575,720,7268,0
265858,717,5832,0
260531,699,4422,0
256218,677,3012,0
270425,732,1567,0
272961,731,91,0
265605,724,15029,0
267127,726,13571,0
275752,731,12110,0
281333,763,10586,0
270425,743,9119,0
282601,726,7631,0
251145,711,6217,0
264590,699,4776,0
249115,691,3359,0
265858,724,1940,0
274737,746,437,0
261799,711,15382,0
264336,711,13983,0
273976,766,12449,0
265605,734,10963,0
273722,755,9470,0
264844,726,8001,0
269156,708,6565,0
267127,731,5120,0
266112,706,3684,0
258755,717,2260,0
268649,757,748,0
267888,723,15666,0
265858,726,14226,0
264590,747,12736,0
270171,739,11260,0
280572,778,9721,0
271186,749,8202,0
267380,737,6727,0
275498,735,5255,0
266112,719,3811,0
265605,726,2368,0
282601,757,872,0
263575,741,15753,0
264336,751,14274,0
273722,758,12764,0
260024,745,11267,0
274230,772,9740,0
277528,779,8186,0
262307,705,6737,0
271439,741,5255,0
271693,743,3785,0
264590,731,2343,0
273976,785,830,0
288943,777,15749,0
257487,693,14371,0
287168,815,12793,0
247593,687,11401,0
270932,763,9901,0
267127,749,8394,0
265351,713,6948,0
260277,725,5506,0
260277,729,4044,0
269156,709,2619,0
254189,730,1170,0
287929,742,16065,0
247086,715,14630,0
278542,749,13145,0
264844,732,11664,0
262307,756,10167,0
271947,766,8630,0
260785,722,7167,0
256726,728,5715,0
255457,735,4246,0
257487,718,2806,0
267888,741,1338,0
268395,741,16216,0
262814,730,14759,0
268141,754,13259,0
274737,746,11757,0
280826,767,10241,0
276006,790,8656,0
259009,712,7191,0
265097,739,5740,0
257233,717,4282,0
265351,732,2796,0
268141,748,1309,0
260531,727,16221,0
272454,738,14757,0
262560,758,13254,0
279050,749,11741,0
274737,766,10222,0
265858,734,8742,0
271947,735,7236,0
265605,727,5786,0
267127,743,4306,0
260277,730,2875,0
268903,743,1403,0
260024,731,16313,0
268141,739,14827,0
273976,744,13330,0
266873,731,11868,0
288182,801,10321,0
270425,745,8818,0
259009,700,7361,0
260024,698,5919,0
266366,698,4467,0
266112,725,3053,0
261546,716,1624,0
264590,718,187,0
264590,726,15101,0
263322,709,13695,0
269917,724,12250,0
270932,761,10738,0
278035,737,9270,0
257233,690,7803,0
263829,713,6389,0
275752,735,4962,0
267888,699,3547,0
267380,713,2137,0
275752,759,632,0
259263,706,15576,0
269156,723,14148,0
264083,741,12669,0
262053,735,11209,0
283870,761,9697,0
262560,739,8202,0
272708,726,6753,0
257487,726,5305,0
276259,725,3856,0
251398,718,2411,0
270932,748,928,0
267380,732,15826,0
264590,727,14379,0
268395,748,12887,0
253682,736,11405,0
283109,792,9864,0
262307,763,8321,0
263575,719,6864,0
260785,739,5406,0
260785,724,3945,0
259770,727,2493,0
282855,773,981,0
270425,742,15864,0
266366,737,14397,0
277528,769,12870,0
268141,749,11366,0
269410,777,9829,0
271186,757,8298,0
261799,745,6819,0
272961,747,5363,0
271186,742,3889,0
267380,730,2428,0
264336,732,942,0
281079,774,15809,0
257994,681,14430,0
289197,821,12856,0
266873,725,11405,0
280572,756,9909,0
272200,774,8381,0
258248,694,6942,0
259009,707,5477,0
257994,718,4050,0
273215,724,2604,0
262053,725,1145,0
270678,727,16080,0
262053,732,14609,0
271693,736,13127,0
270678,728,11663,0
277274,761,10169,0
281840,757,8642,0
272454,736,7172,0
257487,729,5715,0
263068,712,4287,0
251906,685,2869,0
270171,767,1366,0
269917,733,16259,0
256979,697,14865,0
279050,771,13379,0
270678,752,11839,0
267127,737,10393,0
281587,780,8868,0
260024,694,7405,0
266619,721,5998,0
269664,728,4547,0
254696,684,3126,0
270171,729,1688,0
267888,732,212,0
265605,728,15150,0
269410,743,13671,0
275752,742,12181,0
272200,744,10700,0
273215,753,9199,0
285138,760,7688,0
277020,731,6263,0
268141,728,4833,0
266619,717,3403,0
271693,743,1982,0
261546,726,510,0
248101,695,15481,0
261292,731,14047,0
267380,768,12508,0
258755,718,11059,0