230,-3,2252,0
156,1,2250,0
-41,0,2252,0
819,2,2250,0
1716,0,2247,0
1687,8,2233,0
1074,0,2233,0
1715,8,2226,0
2635,11,2214,0
3430,8,2199,0
3251,3,2191,0
2242,6,2181,0
3325,8,2165,0
3644,8,2150,0
3672,7,2138,0
3826,6,2121,0
4242,9,2100,0
4171,5,2085,0
4612,12,2066,0
4281,10,2046,0
5359,12,2023,0
5338,13,2002,0
5591,13,1981,0
5110,13,1958,0
5696,13,1936,0
6378,17,1907,0
6979,16,1880,0
6993,17,1853,0
7307,14,1826,0
7754,19,1791,0
7623,14,1761,0
6946,15,1735,0
7709,15,1704,0
8331,16,1668,0
8500,21,1632,0
8477,14,1598,0
8163,17,1566,0
8945,21,1529,0
9813,22,1489,0
9669,22,1446,0
9764,21,1406,0
9895,26,1357,0
10820,24,1314,0
10994,22,1264,0
11405,23,1215,0
10877,24,1167,0
11286,26,1122,0
11058,26,1076,0
11696,27,1021,0
12207,30,964,0
11876,26,911,0
11954,23,860,0
12910,30,805,0
13025,27,752,0
12565,25,699,0
12138,29,645,0
13037,26,587,0
14246,32,526,0
13904,27,472,0
13068,22,418,0
13146,29,365,0
13624,34,302,0
14759,32,243,0
14670,31,184,0
14409,30,125,0
13944,30,63,0
14750,30,1,0
15214,33,16321,0
14444,27,16259,0
14570,27,16196,0
15225,32,16136,0
15524,37,16072,0
15784,38,16003,0
16381,32,15929,0
16985,34,15855,0
17419,35,15782,0
17101,33,15715,0
18584,41,15639,0
19112,39,15563,0
18144,38,15485,0
17497,34,15415,0
18193,38,15343,0
18337,33,15272,0
18997,39,15185,0
19683,38,15107,0
18810,38,15029,0
19098,38,14946,0
18771,38,14870,0
19935,45,14790,0
20688,38,14713,0
21689,46,14623,0
20492,43,14541,0
19922,37,14461,0
19846,37,14386,0
21242,44,14296,0
21823,46,14211,0
20655,38,14131,0
19760,40,14057,0
20681,40,13974,0
22316,47,13888,0
22541,39,13803,0
22113,43,13715,0
21296,39,13636,0
20600,39,13555,0
21242,43,13474,0
22265,43,13387,0
22110,41,13299,0
21933,45,13212,0
21733,42,13127,0
22413,50,13040,0
23490,46,12951,0
23305,45,12863,0
22454,41,12781,0
21364,43,12704,0
23069,50,12613,0
23443,45,12524,0
23623,46,12435,0
23117,47,12346,0
22650,46,12262,0
23829,46,12173,0
25702,49,12075,0
24871,44,11982,0
23859,44,11896,0
23908,45,11805,0
25624,52,11706,0
26098,51,11604,0
23909,39,11518,0
23410,42,11435,0
23697,47,11343,0
25616,48,11238,0
25292,50,11136,0
23445,46,11046,0
23096,39,10963,0
25129,50,10865,0
25231,54,10764,0
24656,53,10660,0
24374,51,10556,0
25505,59,10447,0
27477,55,10334,0
26731,45,10238,0
25332,49,10144,0
26518,57,10032,0
27482,60,9918,0
26804,53,9813,0
25985,47,9716,0
26435,56,9614,0
28113,58,9497,0
27673,55,9381,0
26220,48,9279,0
26524,57,9174,0
28713,62,9054,0
27152,51,8950,0
26135,47,8854,0
27788,62,8740,0
28538,58,8624,0
27822,50,8514,0
26690,49,8417,0
28276,57,8309,0
30017,57,8185,0
28298,54,8074,0
28277,51,7966,0
29540,62,7847,0
30706,61,7719,0
29841,51,7612,0
29720,64,7492,0
31543,68,7359,0
31478,60,7233,0
30731,61,7118,0
32253,69,6989,0
32176,66,6860,0
31560,57,6737,0
31580,65,6610,0
33881,73,6473,0
33291,65,6344,0
32165,58,6226,0
32756,65,6090,0
33179,80,5935,0
35011,76,5786,0
34647,79,5635,0
36678,65,5485,0
33858,59,5369,0
31392,62,5247,0
33539,65,5113,0
33931,63,4979,0
33924,70,4845,0
35457,71,4699,0
35528,68,4556,0
35740,77,4402,0
37349,82,4249,0
38359,75,4097,0
37763,72,3949,0
36449,65,3818,0
36867,72,3674,0
35432,69,3533,0
35765,71,3390,0
37018,72,3249,0
36616,74,3103,0
35324,73,2959,0
37513,74,2809,0
36554,75,2661,0
35982,72,2513,0
37620,75,2365,0
37800,75,2212,0
37656,77,2054,0
38995,81,1893,0
38120,77,1738,0
37312,72,1585,0
37786,81,1433,0
37969,83,1272,0
36981,73,1121,0
38855,88,960,0
37832,82,802,0
38742,85,642,0
39675,82,475,0
40635,92,292,0
42031,97,101,0
42622,89,16301,0
39590,69,16149,0
37796,72,16008,0
40182,88,15836,0
39450,80,15665,0
39954,86,15501,0
41411,84,15330,0
39906,83,15171,0
42268,84,14996,0
41688,79,14825,0
39906,81,14665,0
42350,85,14486,0
41377,88,14317,0
42478,86,14143,0
42158,78,13978,0
41072,87,13813,0
41986,86,13649,0
40221,76,13498,0
39762,82,13332,0
41282,78,13169,0
41157,83,13010,0
41276,80,12847,0
42197,86,12688,0
40144,80,12535,0
43194,85,12355,0
42688,80,12204,0
42621,90,12035,0
44588,87,11859,0
42406,82,11702,0
40635,80,11534,0
42793,77,11369,0
44864,93,11187,0
43813,84,11028,0
41916,73,10877,0
42915,92,10697,0
43413,76,10534,0
42727,87,10366,0
43105,86,10199,0
41803,83,10035,0
42230,84,9858,0
42288,69,9700,0
41228,87,9532,0
42598,88,9355,0
41979,79,9197,0
41894,88,9027,0
43548,86,8851,0
43009,90,8676,0
44107,89,8492,0
43383,83,8326,0
42671,80,8167,0
44372,89,7988,0
44078,91,7805,0
43557,89,7634,0
46181,92,7457,0
44416,85,7283,0
46988,95,7097,0
45792,89,6918,0
47890,92,6725,0
46146,94,6544,0
46430,94,6364,0
45417,90,6182,0
47039,94,5982,0
47718,93,5801,0
45805,88,5621,0
47045,93,5430,0
47470,98,5245,0
47281,87,5070,0
46878,88,4901,0
45894,91,4712,0
45994,81,4544,0
46122,100,4356,0
47010,87,4185,0
45707,86,4006,0
45931,91,3814,0
46542,84,3647,0
48958,98,3437,0
50643,100,3237,0
52530,108,3025,0
50598,107,2815,0
48609,93,2624,0
47638,95,2438,0
49207,101,2243,0
50149,99,2035,0
48547,92,1848,0
48835,107,1643,0
48644,90,1453,0
48895,102,1256,0
49485,95,1062,0
50387,111,844,0
49171,89,652,0
49801,104,459,0
49744,98,263,0
48702,97,65,0
47607,100,16240,0
48437,103,16041,0
50422,109,15826,0
52461,101,15614,0
53802,116,15393,0
53518,108,15169,0
54274,105,14955,0
54443,112,14728,0
54451,115,14506,0
53614,110,14290,0
53619,119,14042,0
52480,109,13823,0
51051,97,13633,0
51515,104,13434,0
53080,106,13218,0
50182,94,13020,0
51793,103,12823,0
52835,101,12616,0
54133,101,12418,0
52830,101,12207,0
53818,118,11990,0
53093,92,11800,0
54621,111,11589,0
53562,96,11390,0
54653,110,11174,0
53395,99,10974,0
54337,111,10768,0
52106,99,10563,0
52773,109,10362,0
52082,104,10162,0
50920,93,9974,0
50915,103,9765,0
49842,95,9573,0
52718,119,9353,0
52476,110,9143,0
52278,102,8938,0
50814,96,8738,0
53117,111,8522,0
49532,94,8327,0
50730,102,8132,0
50971,105,7917,0
53427,99,7721,0
51847,108,7513,0
56236,121,7280,0
52872,99,7076,0
54718,98,6861,0
55245,102,6645,0
55865,120,6416,0
52962,99,6216,0
54384,113,5998,0
54674,102,5786,0
56914,115,5557,0
53196,91,5359,0
54059,105,5152,0
54334,103,4938,0
56683,121,4713,0
53683,95,4519,0
56356,116,4287,0
53705,86,4107,0
55877,119,3874,0
55474,100,3662,0
57103,109,3432,0
57625,115,3201,0
59530,121,2962,0
58577,116,2724,0
59376,118,2486,0
59794,122,2242,0
56881,116,2011,0
57968,112,1784,0
58318,120,1552,0
57733,111,1317,0
58080,119,1081,0
57923,114,858,0
56217,109,633,0
55871,116,399,0
57590,112,170,0
57625,123,16309,0
56589,112,16086,0
58412,119,15845,0
56915,117,15610,0
60511,125,15360,0
58367,120,15133,0
57335,111,14898,0
56560,118,14672,0
58593,119,14426,0
57644,115,14195,0
59885,120,13943,0
56026,110,13727,0
58965,117,13486,0
57880,116,13263,0
59668,108,13031,0
57676,116,12801,0
57519,110,12580,0
60258,122,12339,0
58797,105,12123,0
61751,128,11877,0
58856,95,11671,0
62105,130,11418,0
58806,100,11209,0
59789,126,10963,0
58480,105,10741,0
60448,129,10500,0
59438,105,10278,0
61461,123,10032,0
58963,113,9816,0
59169,115,9573,0
57428,107,9363,0
59201,117,9123,0
55678,113,8898,0
57843,116,8672,0
57646,118,8440,0
59432,118,8196,0
59756,116,7964,0
60438,116,7735,0
61185,123,7481,0
61124,124,7247,0
60368,117,6998,0
61158,116,6772,0
61818,124,6522,0
62623,122,6276,0
60834,112,6043,0
61917,129,5793,0
60753,113,5563,0
62910,129,5306,0
63260,134,5056,0
63094,126,4804,0
62542,114,4576,0
61850,123,4336,0
61925,106,4107,0
62962,128,3858,0
60823,109,3634,0
62783,122,3386,0
61594,118,3142,0
63604,122,2888,0
61919,129,2647,0
64530,124,2386,0
61467,119,2147,0
63010,130,1899,0
63142,134,1631,0
62554,115,1385,0
61874,138,1126,0
61961,118,883,0
63838,131,626,0
62146,126,370,0
63111,138,101,0
65147,142,16207,0
65918,141,15927,0
66860,143,15647,0
65713,128,15384,0
62676,120,15135,0
64032,125,14885,0
63812,127,14632,0
65390,135,14356,0
63713,125,14100,0
64333,119,13860,0
65460,145,13586,0
63083,118,13341,0
65478,139,13079,0
63085,121,12837,0
64757,124,12576,0
64586,126,12333,0
66222,121,12078,0
66742,134,11833,0
64153,116,11583,0
65306,135,11327,0
65220,124,11081,0
65881,118,10829,0
66216,140,10574,0
64480,117,10323,0
65968,126,10075,0
64361,124,9826,0
64300,128,9559,0
62986,124,9325,0
64261,115,9073,0
63474,132,8825,0
63704,123,8570,0
62832,115,8324,0
62500,130,8073,0
64868,129,7812,0
64662,142,7545,0
64134,125,7302,0
65995,126,7029,0
63897,134,6781,0
66765,126,6507,0
65211,119,6267,0
63920,127,6016,0
65487,131,5753,0
65924,143,5480,0
68386,129,5208,0
67344,127,4948,0
65830,138,4703,0
65624,114,4463,0
65857,141,4194,0
65512,114,3954,0
63987,126,3713,0
67287,136,3446,0
67771,134,3180,0
67932,141,2904,0
71176,137,2623,0
69291,133,2357,0
67731,132,2089,0
67448,133,1822,0
67149,139,1550,0
67538,136,1280,0
67529,137,1006,0
67734,137,731,0
67730,137,457,0
67062,131,190,0
66964,136,16300,0
66808,133,16031,0
68412,148,15738,0
68902,134,15465,0
68674,146,15178,0
68204,146,14903,0
69332,134,14627,0
67221,138,14353,0
68120,142,14080,0
69994,143,13790,0
67886,128,13529,0
68550,135,13260,0
67197,131,12997,0
68759,136,12722,0
67639,129,12466,0
69809,136,12190,0
69510,146,11921,0
70003,123,11659,0
67530,130,11411,0
71670,152,11116,0
69623,131,10848,0
71286,130,10575,0
68682,130,10319,0
70343,143,10028,0
69363,131,9769,0
70015,139,9483,0
68317,135,9223,0
68502,135,8955,0
67953,127,8684,0
68222,148,8405,0
66365,119,8155,0
67259,137,7894,0
69439,155,7596,0
71634,149,7302,0
70653,143,7015,0
69575,142,6735,0
69081,133,6477,0
69874,141,6184,0
71162,145,5912,0
68436,123,5651,0
67057,133,5395,0
70785,151,5103,0
67110,116,4856,0
67900,136,4588,0
68590,125,4334,0
68315,132,4070,0
71040,146,3786,0
71390,140,3500,0
71084,138,3226,0
71550,136,2951,0
70808,142,2666,0
70457,144,2379,0
72828,146,2091,0
73091,150,1798,0
73051,149,1499,0
74743,153,1192,0
73208,150,888,0
72445,147,593,0
70696,139,320,0
71144,146,29,0
71745,148,16123,0
71701,142,15837,0
71166,147,15540,0
72753,146,15244,0
71668,153,14953,0
72526,138,14666,0
74621,158,14352,0
73313,139,14070,0
73276,145,13791,0
75598,149,13484,0
72991,144,13198,0
70716,134,12917,0
72389,147,12632,0
71162,132,12365,0
71888,142,12088,0
74834,151,11781,0
72033,122,11525,0
74032,151,11225,0
71683,135,10953,0
73787,149,10665,0
75846,136,10375,0
76256,151,10084,0
74698,139,9809,0
73766,146,9526,0
72371,143,9239,0
72758,139,8955,0
71852,135,8674,0
71630,150,8386,0
71079,130,8120,0
70390,146,7832,0
70970,145,7542,0
72100,142,7257,0
70570,140,6973,0
74913,169,6650,0
77209,150,6339,0
72538,129,6070,0
74205,157,5768,0
73041,134,5491,0
71675,138,5221,0
73563,149,4928,0
72352,137,4655,0
70969,133,4384,0
72798,139,4111,0
75572,149,3815,0
73266,142,3526,0
75581,149,3232,0
74156,151,2938,0
75103,140,2639,0
74002,148,2353,0
75310,154,2047,0
72453,136,1765,0
74671,154,1457,0
73906,155,1150,0
75808,156,843,0
76036,157,536,0
78079,158,222,0
78267,163,16287,0
79518,171,15941,0
80145,167,15603,0
78546,145,15294,0
77448,151,15005,0
77701,147,14704,0
76376,151,14411,0
74156,139,14119,0
74712,153,13812,0
74181,139,13528,0
75416,165,13220,0
75049,139,12927,0
78081,161,12619,0
76176,133,12345,0
75725,153,12052,0
77043,154,11733,0
75663,141,11458,0
76709,145,11157,0
75761,142,10877,0
79411,165,10563,0
77386,138,10276,0
76165,152,9977,0
73029,137,9698,0
75063,143,9406,0
74003,143,9118,0
72381,144,8827,0
73256,147,8542,0
70313,137,8243,0
70395,136,7983,0
73850,160,7674,0
77307,149,7370,0
75538,145,7076,0
75953,153,6773,0
74767,145,6477,0
73370,150,6173,0
76051,147,5875,0
76551,149,5578,0
75410,145,5286,0
76690,156,4973,0
75179,146,4690,0
74378,133,4403,0
74923,135,4132,0
75416,147,3828,0
77933,148,3524,0
77303,158,3215,0
78581,154,2910,0
79959,156,2604,0
77641,154,2289,0
76287,154,1983,0
77760,157,1672,0
78386,153,1359,0
76527,143,1063,0
77730,157,754,0
75133,148,453,0
74981,159,140,0
75330,154,16216,0
76530,158,15899,0
77638,161,15566,0
78569,158,15259,0
77138,158,14943,0
76756,154,14626,0
77146,159,14312,0
79128,152,14006,0
76297,153,13703,0
75944,154,13392,0
77924,151,13097,0
74166,147,12806,0
74818,146,12502,0
76675,145,12217,0
79053,166,11901,0
76788,134,11609,0
78981,165,11294,0
76057,137,11019,0
78145,161,10708,0
79929,151,10392,0
79648,159,10088,0
78920,146,9793,0
78610,153,9498,0
80231,158,9183,0
75646,147,8890,0
75742,153,8585,0
75730,145,8279,0
75367,156,7987,0
76366,149,7677,0
74282,151,7378,0
77313,160,7061,0
76791,153,6755,0
78508,157,6442,0
78011,157,6127,0
78403,156,5813,0
78219,154,5501,0
76781,151,5195,0
78008,140,4892,0
78616,159,4586,0
75831,136,4315,0
77337,159,4013,0
79311,159,3695,0
78921,165,3370,0
80536,156,3054,0
79152,154,2740,0
80480,149,2441,0
79902,156,2133,0
79558,155,1821,0
78061,157,1503,0
77949,160,1193,0
77712,156,871,0
77878,151,564,0
77817,156,253,0
77110,166,16311,0
76115,148,16009,0
76096,158,15684,0
77693,164,15365,0
79614,161,15035,0
79271,156,14725,0
80469,165,14384,0
79839,158,14063,0
79845,155,13755,0
78180,153,13439,0
79886,165,13126,0
77263,146,12827,0
77252,156,12513,0
79362,145,12221,0
78111,171,11902,0
79729,142,11597,0
78617,158,11301,0
80687,166,10969,0
80580,144,10678,0
80608,153,10366,0
80439,159,10069,0
78685,147,9758,0
78713,156,9443,0
78750,158,9126,0
78472,151,8830,0
77739,153,8522,0
77562,155,8210,0
76355,153,7907,0
78261,165,7587,0
78557,154,7274,0
80225,158,6962,0
80238,163,6639,0
81438,170,6307,0
80439,158,5984,0
80329,154,5679,0
81187,156,5350,0
79251,159,5050,0
77831,144,4760,0
79052,158,4447,0
79983,159,4135,0
79504,161,3821,0
80592,146,3518,0
80706,167,3197,0
81620,153,2887,0
81357,159,2575,0
83913,162,2236,0
78735,148,1936,0
81354,169,1596,0
79600,146,1298,0
80985,168,963,0
80435,154,648,0
78772,158,335,0
79973,171,4,0
80827,173,16036,0
81466,165,15709,0
81718,176,15374,0
82596,166,15035,0
80993,160,14721,0
81216,179,14378,0
81664,163,14044,0
82444,156,13729,0
82004,165,13409,0
80775,160,13089,0
81346,164,12774,0
79570,151,12469,0
79810,164,12150,0
79497,149,11847,0
80631,163,11534,0
82413,155,11210,0
81913,163,10901,0
80371,152,10595,0
80416,157,10286,0
82722,165,9949,0
80324,154,9647,0
79657,156,9337,0
81647,153,9028,0
80772,154,8721,0
78119,162,8408,0
79315,158,8088,0
78274,155,7780,0
81441,163,7453,0
80442,160,7134,0
80609,166,6808,0
82142,164,6483,0
82669,160,6162,0
83253,160,5838,0
83584,169,5506,0
80895,156,5192,0
82169,150,4873,0
79432,152,4579,0
81038,168,4253,0
82095,144,3944,0
84280,161,3610,0
84155,144,3317,0
79705,161,3006,0
83722,168,2661,0
82425,163,2333,0
82168,155,2023,0
82409,168,1690,0
81853,152,1383,0
79875,163,1058,0
79487,157,744,0
78982,161,428,0
80432,175,83,0
81419,173,16126,0
79823,161,15799,0
80800,162,15480,0
80443,172,15127,0
81705,160,14799,0
80992,155,14482,0
82180,176,14149,0
83766,167,13808,0
81504,152,13495,0
80736,165,13176,0
83551,152,12851,0
82107,159,12558,0
81368,155,12246,0
81841,172,11930,0
82937,147,11617,0
81952,170,11307,0
84723,174,10959,0
83675,159,10655,0
81843,149,10348,0
81698,157,10035,0
81323,155,9716,0
81449,171,9387,0
82159,153,9055,0
80238,159,8762,0
80314,156,8444,0
80942,155,8128,0
80760,160,7811,0
82124,167,7474,0
81393,161,7146,0
80559,161,6817,0
82738,168,6480,0
85516,170,6123,0
82877,154,5816,0
82487,168,5489,0
81728,155,5167,0
82401,158,4856,0
83465,159,4534,0
81642,159,4217,0
82926,162,3892,0
86128,175,3541,0
85380,169,3203,0
87224,182,2867,0
83147,141,2555,0
85554,172,2224,0
84154,167,1888,0
82342,161,1565,0
81998,160,1247,0
82247,164,914,0
82274,165,579,0
82029,167,249,0
80062,161,16314,0
79927,165,15979,0
80890,160,15663,0
82745,186,15304,0
85946,169,14955,0
80821,152,14647,0
85959,188,14269,0
81194,149,13977,0
83234,170,13622,0
82793,156,13309,0
78462,142,13022,0
81449,164,12678,0
79208,145,12390,0
81556,160,12055,0
81066,150,11750,0
83654,171,11416,0
84565,162,11094,0
85237,164,10757,0
84650,160,10441,0
85615,169,10099,0
84221,152,9784,0
84478,160,9455,0
83798,166,9127,0
82566,161,8808,0
81542,162,8489,0
80795,157,8167,0
81450,157,7851,0
83476,177,7500,0
82110,161,7172,0
82484,172,6840,0
84796,170,6484,0
82086,154,6174,0
84691,184,5827,0
83306,153,5510,0
82839,157,5191,0
82823,158,4871,0
83448,171,4540,0
81253,151,4225,0
83935,162,3909,0
88004,172,3557,0
86055,162,3233,0
83298,172,2905,0
86858,169,2557,0
85153,166,2224,0
86832,169,1887,0
84319,171,1550,0
84544,164,1215,0
84456,166,881,0
83112,171,536,0
84515,171,204,0
83371,175,16250,0
81954,159,15925,0
83555,170,15591,0
84479,186,15221,0
82310,171,14871,0
80834,160,14545,0
84770,172,14209,0
84329,172,13855,0
83125,158,13528,0
83866,171,13200,0
82993,158,12864,0
82296,178,12548,0
81627,151,12249,0
80848,136,11934,0
83997,159,11598,0
85979,192,11263,0
84363,177,10957,0
82491,137,10659,0
85204,156,10324,0
85413,180,9991,0
85679,177,9668,0
84636,147,9353,0
80786,143,9029,0
84909,177,8689,0
80958,147,8391,0
81683,163,8057,0
81112,158,7731,0
82264,166,7408,0
85640,171,7043,0
81222,146,6742,0
83357,186,6395,0
83954,157,6062,0
82823,167,5745,0
82632,165,5420,0
81387,162,5102,0
84515,164,4763,0
82808,147,4459,0
84482,172,4130,0
82587,154,3817,0
83099,164,3501,0
85314,170,3160,0
85075,173,2816,0
88137,178,2465,0
86753,177,2113,0
88451,169,1768,0
83213,165,1434,0
82993,164,1111,0
84062,163,777,0
85641,175,434,0
86548,180,73,0
85574,176,16098,0
85081,178,15744,0
83294,168,15408,0
83023,165,15077,0
85097,180,14721,0
84135,163,14388,0
84497,165,14063,0
81972,165,13724,0
85031,171,13380,0
83375,159,13057,0
81729,161,12740,0
83789,153,12426,0
82588,153,12125,0
83910,170,11795,0
82756,154,11477,0
85328,174,11145,0
86439,160,10804,0
85829,166,10486,0
86976,171,10151,0
84727,158,9823,0
84178,166,9484,0
85102,160,9164,0
84220,165,8837,0
84004,164,8506,0
83240,165,8181,0
82787,164,7839,0
84936,169,7511,0
84148,171,7172,0
84934,170,6834,0
84610,157,6501,0
85508,180,6161,0
84711,161,5834,0
84437,161,5515,0
85303,170,5168,0
83609,153,4855,0
84030,171,4519,0
81737,150,4204,0
83389,159,3886,0
87786,163,3541,0
85728,156,3229,0
86434,177,2882,0
84796,161,2551,0
86377,172,2211,0
87113,170,1876,0
83939,175,1537,0
84321,163,1206,0
81875,165,886,0
86072,182,522,0
82639,159,195,0
81926,165,16244,0
84169,186,15894,0
85774,183,15526,0
84492,163,15194,0
83162,175,14846,0
84188,167,14509,0
84902,170,14172,0
86828,171,13822,0
84692,160,13497,0
83721,164,13179,0
85812,160,12846,0
83943,150,12541,0
83758,166,12217,0
82202,145,11913,0
83200,164,11603,0
85929,162,11272,0
81021,146,10979,0
83365,159,10655,0
84455,161,10340,0
86698,173,9992,0
86914,172,9661,0
84713,153,9343,0
84006,164,9002,0
83958,165,8677,0
83713,164,8348,0
84492,163,8022,0
84666,160,7695,0
86155,178,7352,0
84997,169,7001,0
85688,173,6659,0
87897,186,6306,0
88321,172,5955,0
88046,173,5617,0
85672,161,5290,0
86806,170,4950,0
83430,150,4646,0
83720,165,4320,0
83036,160,3992,0
85542,164,3644,0
85984,158,3329,0
84691,168,2996,0
87102,174,2642,0
86007,171,2305,0
87950,175,1956,0
86945,178,1600,0
86076,182,1246,0
86387,181,889,0
86047,179,533,0
84897,167,188,0
84711,169,16236,0
82908,173,15893,0
81733,173,15546,0
84756,170,15208,0
85733,180,14855,0
86439,172,14497,0
85770,167,14156,0
85973,178,13801,0
86085,163,13462,0
85087,157,13145,0
85831,169,12807,0
83268,161,12486,0
86381,171,12150,0
85754,169,11827,0
84619,160,11499,0
84077,155,11197,0
86192,171,10851,0
84815,169,10539,0
81657,143,10227,0
82190,152,9885,0
84966,183,9535,0
83709,162,9218,0
83843,163,8881,0
84585,159,8558,0
82209,165,8229,0
84211,172,7882,0
85290,169,7536,0
87983,189,7175,0
85575,156,6852,0
87595,179,6495,0
86408,159,6165,0
87095,168,5829,0
87538,168,5490,0
87454,166,5155,0
85444,170,4820,0
86136,169,4474,0
86896,163,4164,0
86672,167,3825,0
84268,171,3498,0
88531,180,3134,0
89795,182,2769,0
87295,164,2420,0
84980,165,2095,0
85784,171,1758,0
87183,176,1404,0
86549,177,1048,0
88897,174,692,0
86496,162,350,0
83866,165,23,0
84729,172,16072,0
85608,183,15703,0
84002,166,15366,0
85647,176,15012,0
86130,174,14666,0
88055,175,14297,0
85831,164,13968,0
84755,164,13629,0
85192,172,13299,0
86626,168,12956,0
83979,185,12608,0
80619,137,12327,0
80618,139,12018,0
84703,167,11700,0
87176,171,11349,0
87965,170,11016,0
86757,157,10683,0
85060,167,10363,0
87075,168,10016,0
85170,158,9698,0
86049,177,9355,0
82247,154,9029,0
81187,165,8714,0
83219,162,8390,0
85706,167,8062,0
85405,166,7730,0
86881,183,7365,0
85912,185,7000,0
85936,167,6659,0
87375,176,6316,0
87154,171,5976,0
91037,198,5582,0
90734,194,5200,0
86595,150,4891,0
88065,170,4551,0
86656,157,4232,0
85681,168,3904,0
87551,170,3556,0
86418,166,3229,0
88981,178,2880,0
89806,180,2519,0
91866,183,2153,0
91197,182,1786,0
90529,182,1419,0
88849,169,1072,0
87114,164,748,0
87609,178,400,0
89652,169,59,0
87675,170,16093,0
86969,164,15761,0
85722,181,15409,0
86248,173,15046,0
83734,160,14722,0
87409,179,14367,0
86902,173,14023,0
87833,176,13662,0
85081,165,13330,0
86779,179,12967,0
85982,163,12653,0
85530,145,12329,0
86092,166,11994,0
83326,150,11697,0
84906,160,11373,0
86407,150,11065,0
85795,159,10753,0
89820,165,10414,0
87424,164,10103,0
85003,152,9770,0
83496,139,9440,0
83818,163,9092,0
84993,185,8750,0
80944,149,8432,0
82505,172,8076,0
83429,168,7740,0
85485,171,7400,0
87959,183,7037,0
88232,173,6688,0
87562,191,6334,0
88108,168,5983,0
86647,160,5666,0
90975,193,5292,0
86958,158,4968,0
85204,170,4642,0
87441,163,4302,0
86926,161,3985,0
87334,175,3642,0
87588,167,3302,0
87380,166,2966,0
89206,164,2627,0
86981,171,2285,0
86563,173,1940,0
86741,168,1604,0
85693,172,1254,0
85066,169,915,0
84103,171,579,0
84101,168,245,0
84570,175,16282,0
83727,172,15931,0
82295,168,15600,0
88810,200,15230,0
86548,181,14866,0
85668,174,14520,0
84886,164,14191,0
88234,184,13818,0
89173,170,13470,0
87057,155,13150,0
88211,178,12813,0
86690,154,12484,0
88651,175,12168,0
85604,141,11865,0
87007,165,11540,0
87738,171,11210,0
86077,171,10868,0
89858,179,10525,0
85692,152,10212,0
86188,160,9872,0
85164,183,9530,0
85185,186,9202,0
82319,157,8892,0
82619,145,8565,0
85012,180,8214,0
82173,157,7917,0
87486,181,7556,0
88393,164,7214,0
87158,164,6885,0
86748,167,6548,0
87300,173,6206,0
86056,173,5864,0
86279,174,5521,0
87274,172,5170,0
87261,172,4824,0
88768,170,4488,0
89722,172,4144,0
89986,170,3805,0
88495,171,3462,0
88503,174,3118,0
89804,174,2770,0
90003,175,2419,0
89617,180,2069,0
86155,170,1730,0
87798,181,1372,0
86317,168,1033,0
86130,173,692,0
86644,178,331,0
86213,177,16356,0
87827,178,15994,0
87094,179,15633,0
86166,181,15276,0
92742,204,14878,0
89874,165,14528,0
85124,166,14206,0
85972,170,13861,0
84697,155,13541,0
85024,172,13214,0
86460,166,12870,0
86625,165,12545,0
91238,173,12194,0
84816,157,11878,0
89150,168,11537,0
89141,163,11205,0
91228,183,10846,0
88271,159,10524,0
90164,183,10175,0
88023,152,9848,0
87658,166,9521,0
83944,169,9204,0
84662,167,8853,0
85380,176,8520,0
83422,157,8211,0
86772,177,7867,0
85018,171,7526,0
85743,178,7184,0
86988,175,6832,0
87286,170,6491,0
89833,189,6112,0
90229,177,5747,0
87402,155,5419,0
87588,178,5081,0
91111,182,4715,0
90240,159,4383,0
89645,169,4047,0
90937,161,3718,0
90158,170,3379,0
90773,176,3035,0
87544,177,2684,0
87181,179,2331,0
87091,171,1988,0
88580,176,1634,0
88327,174,1286,0
90240,180,933,0
89217,184,573,0
91983,206,186,0
94725,200,16175,0
88126,164,15816,0
90491,188,15465,0
92541,194,15063,0
91422,190,14680,0
90762,178,14316,0
88511,171,13967,0
87400,182,13618,0
90104,161,13274,0
88490,165,12931,0
86355,178,12603,0
85367,150,12291,0
87485,184,11943,0
88004,161,11604,0
85093,160,11295,0
86561,172,10956,0
85094,161,10631,0
86402,165,10309,0
87592,174,9956,0
83447,162,9632,0
85777,179,9282,0
83291,147,8949,0
86002,173,8612,0
86749,166,8275,0
87860,170,7939,0
87850,169,7603,0
85794,169,7263,0
86344,172,6917,0
89137,177,6553,0
89674,176,6206,0
87646,164,5875,0
88179,176,5527,0
85925,165,5192,0
87661,160,4869,0
90457,190,4503,0
88680,170,4152,0
86942,167,3815,0
89267,171,3475,0
88005,170,3131,0
88774,169,2785,0
88747,179,2442,0
89293,176,2091,0
87743,173,1747,0
85966,178,1398,0
88427,183,1032,0
87017,186,671,0
87596,186,309,0
86481,164,16351,0
86768,173,16004,0
86274,174,15653,0
88535,179,15298,0
87423,176,14938,0
88795,175,14580,0
88868,181,14207,0
87471,171,13859,0
87461,175,13514,0
87935,172,13162,0
88993,166,12835,0
90545,174,12483,0
88121,161,12165,0
89637,185,11808,0
88297,152,11486,0
88140,174,11155,0
89840,175,10795,0
88374,163,10472,0
86972,177,10118,0
85431,167,9780,0
84379,162,9444,0
86884,179,9106,0
85972,170,8761,0
86058,167,8434,0
84283,173,8096,0
86415,169,7749,0
88595,178,7396,0
91373,182,7028,0
87083,163,6699,0
86670,184,6346,0
88035,170,5990,0
86369,163,5662,0
86765,172,5323,0
89276,181,4971,0
86496,157,4641,0
86254,162,4313,0
88130,172,3975,0
89807,180,3617,0
90894,172,3276,0
89501,170,2938,0
88684,177,2587,0
88514,171,2234,0
87374,177,1881,0
87276,176,1533,0
87683,175,1185,0
84838,178,834,0
88080,181,462,0
84965,167,124,0
86224,188,16150,0
88851,180,15786,0
88265,171,15436,0
90384,184,15068,0
86997,178,14717,0
88710,187,14349,0
88749,173,13993,0
88540,164,13662,0
85010,175,13326,0
90028,172,12975,0
85918,165,12649,0
87343,173,12306,0
89066,168,11960,0
88838,161,11617,0
88424,161,11302,0
88455,185,10936,0
86074,153,10614,0
90050,185,10260,0
87014,170,9907,0
87572,180,9562,0
85134,160,9243,0
87420,186,8888,0
85464,150,8554,0
87000,173,8212,0
85392,157,7909,0
88910,183,7542,0
90478,194,7164,0
87393,155,6829,0
87948,177,6479,0
88703,170,6133,0
88368,175,5787,0
87961,174,5438,0
87875,173,5087,0
89784,176,4736,0
91055,179,4382,0
90830,183,4022,0
91119,181,3667,0
91147,180,3308,0
89283,167,2965,0
90748,180,2612,0
88380,177,2261,0
89732,174,1912,0
87224,175,1558,0
87500,179,1205,0
84874,165,864,0
86160,171,532,0
86746,182,164,0
86627,171,16198,0
89915,192,15830,0
88381,185,15457,0
89801,178,15094,0
88599,186,14726,0
89796,187,14361,0
88205,172,14017,0
86754,175,13671,0
87851,176,13315,0
86004,158,12993,0
89265,179,12635,0
85528,143,12328,0
88492,166,11991,0
86210,158,11668,0
87711,179,11325,0
90717,170,10977,0
90503,176,10635,0
89315,167,10279,0
87190,171,9952,0
87384,179,9589,0
86430,165,9262,0
85455,177,8920,0
86330,170,8574,0
86396,172,8237,0
86407,171,7900,0
85584,170,7557,0
85630,173,7208,0
87724,176,6858,0
89685,182,6487,0
87387,172,6148,0
87580,172,5802,0
88271,171,5450,0
88662,172,5104,0
89602,174,4764,0
89531,173,4423,0
88176,171,4081,0
88282,172,3742,0
91178,177,3390,0
90721,173,3036,0
90313,178,2684,0
89564,183,2308,0
88142,174,1963,0
89704,191,1599,0
90126,183,1232,0
88717,173,877,0
88166,173,522,0
87056,173,174,0
87316,188,16188,0
86845,168,15848,0
89381,189,15482,0
91273,182,15102,0
86974,170,14769,0
90565,197,14390,0
86651,161,14053,0
86664,177,13715,0
87086,167,13369,0
86019,158,13046,0
89254,177,12706,0
86010,157,12379,0
84555,166,12057,0
87597,168,11707,0
86172,154,11390,0
86653,182,11051,0
88443,168,10707,0
88858,178,10350,0
88566,164,10018,0
88000,186,9654,0
85386,156,9329,0
85838,159,8984,0
88108,191,8632,0
85634,165,8312,0
87208,176,7959,0
87058,173,7609,0
87720,180,7259,0
89828,176,6900,0
88731,168,6560,0
90774,187,6194,0
89480,173,5842,0
87696,166,5503,0
87930,172,5162,0
90708,176,4798,0
88446,165,4467,0
88173,174,4126,0
89687,172,3778,0
89232,171,3433,0
90479,169,3086,0
89242,172,2745,0
88617,188,2378,0
89578,177,2021,0
87192,174,1675,0
87853,181,1322,0
89020,188,945,0
88569,189,569,0
88879,187,195,0
90556,182,16202,0
89886,181,15841,0
89486,183,15474,0
86847,173,15121,0
88397,178,14766,0
87710,180,14415,0
90097,170,14062,0
87799,164,13732,0
87307,182,13369,0
84970,163,13035,0
87434,166,12708,0
88870,172,12359,0
87608,167,12026,0
90471,177,11656,0
88909,163,11336,0
92759,185,10968,0
89662,169,10629,0
88534,170,10287,0
87500,168,9953,0
86788,173,9611,0
86936,176,9260,0
84964,161,8940,0
88517,175,8586,0
86697,165,8259,0
84458,166,7924,0
84499,175,7579,0
87797,187,7216,0
88997,172,6852,0
88612,176,6505,0
88810,179,6153,0
88410,175,5800,0
88600,173,5450,0
88325,176,5107,0
88970,166,4772,0
89832,181,4416,0
88983,169,4080,0
90338,186,3728,0
89777,165,3384,0
90670,177,3043,0
93523,188,2666,0
91056,184,2299,0
91112,183,1931,0
91299,179,1566,0
90411,180,1203,0
89411,176,851,0
89732,191,477,0
88168,182,111,0
87214,172,16140,0
89051,193,15773,0
86469,168,15420,0
88894,180,15066,0
89245,181,14698,0
90663,186,14332,0
87099,179,13970,0
88074,172,13626,0
89639,181,13262,0
88953,167,12923,0
88705,166,12601,0
89898,174,12255,0
87934,160,11926,0
86829,160,11607,0
89156,168,11258,0
88762,167,10924,0
92121,186,10564,0
89366,161,10223,0
88173,176,9880,0
90044,178,9506,0
87912,174,9175,0
87942,170,8829,0
86901,179,8479,0
88203,166,8134,0
87061,165,7806,0
88113,183,7447,0
89192,185,7083,0
89675,185,6719,0
90995,182,6356,0
90352,173,6004,0
91785,177,5635,0
91226,171,5288,0
90773,191,4926,0
90874,171,4588,0
89391,160,4258,0
89295,175,3920,0
91235,172,3570,0
88163,166,3236,0
91473,192,2874,0
87918,174,2516,0
89517,170,2174,0
89570,183,1811,0
89599,177,1450,0
89027,178,1087,0
89107,183,719,0
88531,189,341,0
90467,185,16350,0
91336,189,15968,0
90282,180,15601,0
91069,175,15249,0
89012,184,14885,0
90475,183,14519,0
89371,173,14169,0
90541,183,13808,0
87880,172,13466,0
90576,179,13111,0
88619,160,12773,0
85650,159,12452,0
87282,170,12105,0
87168,154,11792,0
91271,186,11443,0
89716,147,11125,0
89130,181,10787,0
86150,163,10471,0
90863,183,10100,0
87490,162,9778,0
87906,174,9423,0
86042,161,9093,0
85260,175,8753,0
84807,151,8442,0
85040,170,8102,0
87597,174,7757,0
90470,186,7385,0
91477,187,7005,0
90683,180,6645,0
90501,172,6288,0
89085,174,5938,0
89272,175,5588,0
86269,166,5265,0
85403,166,4937,0
86074,168,4606,0
88606,171,4267,0
90941,171,3928,0
93356,185,3558,0
92316,187,3180,0
94527,190,2799,0
94069,193,2411,0
96696,196,2024,0
95411,189,1639,0
92846,190,1255,0
91207,172,913,0
89207,179,556,0
89344,179,192,0
88880,173,16232,0
88017,181,15870,0
91094,180,15505,0
89524,189,15138,0
91174,190,14767,0
90346,182,14402,0
90516,180,14050,0
87915,175,13691,0
88677,165,13358,0
89566,185,13006,0
86347,161,12679,0
86930,161,12363,0
88811,167,12019,0
85978,166,11690,0
90134,190,11319,0
92240,164,10983,0
92564,194,10621,0
90728,165,10268,0
90305,182,9911,0
90201,189,9560,0
89198,199,9220,0
86287,162,8896,0
88632,185,8535,0
89382,172,8185,0
89565,172,7847,0
91220,189,7474,0
92408,182,7109,0
92800,194,6734,0
89453,170,6388,0
90823,175,6026,0
91313,176,5674,0
90531,169,5337,0
90113,173,4995,0
88088,173,4651,0
88506,165,4320,0
90403,173,3969,0
90550,184,3611,0
92081,174,3260,0
92246,193,2885,0
90912,178,2518,0
88460,163,2185,0
90131,187,1813,0
88831,173,1462,0
89886,189,1097,0
89831,191,717,0
87452,190,338,0
91148,183,16346,0
88307,167,16014,0
92205,200,15636,0
92701,193,15247,0
91627,189,14869,0
95426,191,14474,0
92541,184,14099,0
92287,187,13722,0
90733,173,13373,0
89549,168,13039,0
89287,181,12677,0
90500,169,12338,0
91456,176,11986,0
90322,167,11652,0
91124,184,11284,0
89130,170,10942,0
89886,181,10593,0
90491,166,10250,0
89600,178,9909,0
88873,177,9563,0
87582,165,9225,0
86471,174,8880,0
89131,172,8522,0
89303,170,8191,0
90266,177,7838,0
91236,179,7476,0
91086,195,7096,0
90870,170,6727,0
90359,175,6382,0
91796,187,6011,0
90775,170,5662,0
90655,181,5307,0
88767,170,4956,0
89687,174,4612,0
91136,173,4266,0
94316,194,3894,0
97505,210,3473,0
93711,181,3112,0
95793,188,2735,0
94405,186,2361,0
95031,203,1957,0
94109,182,1600,0
88196,160,1253,0
89597,187,900,0
88445,177,537,0
86748,170,198,0
86584,178,16230,0
87998,179,15874,0
87039,184,15510,0
86969,174,15147,0
89627,188,14787,0
88390,178,14430,0
88374,168,14092,0
86056,173,13750,0
86659,177,13391,0
88906,166,13055,0
85920,174,12724,0
87733,148,12392,0
89077,177,12028,0
88668,189,11680,0
87803,163,11341,0
92114,191,10989,0
89060,147,10660,0
90319,166,10308,0
89900,182,9961,0
86950,186,9628,0
89962,171,9281,0
86174,149,8944,0
87087,167,8595,0
86868,185,8252,0
87501,180,7892,0
88287,175,7546,0
89254,174,7195,0
90980,178,6835,0
90561,171,6478,0
89640,175,6133,0
89359,177,5778,0
90092,173,5423,0
90340,175,5070,0
91658,177,4715,0
90814,175,4359,0
92874,183,3994,0
91775,171,3649,0
92642,177,3302,0
91441,179,2946,0
92603,179,2587,0
91919,192,2203,0
92562,189,1823,0
93309,191,1441,0
92591,184,1065,0
92126,175,709,0
90187,174,362,0
89807,180,1,0
92867,178,16026,0
93019,195,15643,0
92406,184,15269,0
93046,184,14901,0
91794,182,14533,0
90115,179,14168,0
91585,173,13817,0
94163,189,13441,0
91156,162,13103,0
92428,188,12736,0
91417,168,12398,0
91070,167,12067,0
91988,174,11705,0
91625,164,11375,0
92473,184,11015,0
88112,156,10677,0
87882,163,10356,0
91028,184,9997,0
90343,182,9648,0
88585,161,9308,0
86179,168,8963,0
85948,176,8633,0
89453,183,8262,0
90179,178,7899,0
90089,160,7567,0
92429,194,7201,0
94182,191,6816,0
92630,172,6465,0
91284,169,6125,0
91962,177,5776,0
92362,177,5424,0
93306,173,5077,0
91072,167,4738,0
90008,175,4388,0
90347,170,4042,0
90100,171,3706,0
89989,180,3352,0
90371,180,2992,0
91879,184,2622,0
92730,188,2247,0
92568,188,1869,0
94239,191,1489,0
93881,188,1108,0
92370,190,727,0
93149,190,343,0
93979,190,16339,0
95589,190,15953,0
93740,187,15572,0
88664,154,15255,0
88810,181,14903,0
89582,177,14546,0
91153,176,14194,0
93965,204,13797,0
89767,166,13450,0
93829,199,13087,0
91442,167,12735,0
93927,177,12389,0
90577,170,12042,0
91261,176,11699,0
93816,177,11338,0
92783,174,10987,0
90760,181,10637,0
91857,180,10278,0
90181,176,9918,0
89015,178,9576,0
88352,178,9228,0
88883,176,8872,0
88737,166,8533,0
87876,170,8201,0
88696,177,7848,0
88889,173,7497,0
89450,175,7146,0
89759,186,6786,0
92560,188,6401,0
91878,179,6041,0
91326,172,5695,0
89007,170,5355,0
90570,180,4999,0
90695,167,4660,0
90134,169,4322,0
88467,171,3979,0
90002,172,3630,0
89991,172,3276,0
92000,183,2914,0
90945,185,2549,0
90745,188,2174,0
91791,192,1795,0
92390,190,1415,0
92431,190,1034,0
92520,190,656,0
91480,189,272,0
88846,171,16298,0
91668,195,15937,0
90829,174,15570,0
91608,175,15196,0
89246,170,14860,0
90181,200,14476,0
91746,174,14104,0
89589,166,13781,0
91259,191,13406,0
90471,173,13057,0
90593,165,12724,0
91547,171,12372,0
89371,159,12045,0
91143,183,11679,0
91019,168,11341,0
89686,155,11023,0
88370,167,10694,0
89704,165,10353,0
88684,171,10023,0
88936,181,9672,0
86916,179,9311,0
87415,175,8963,0
89388,174,8600,0
90367,171,8267,0
93281,195,7883,0
92625,178,7524,0
92537,189,7159,0
94163,187,6779,0
93575,181,6414,0
93075,179,6052,0
93917,183,5688,0
94974,192,5314,0
91749,170,4971,0
93363,175,4623,0
93099,177,4266,0
92687,175,3918,0
94179,185,3548,0
92202,173,3202,0
93017,203,2819,0
90362,167,2477,0
89504,183,2124,0
91052,188,1751,0
88383,171,1402,0
88015,182,1048,0
89244,175,689,0
91169,198,308,0
90050,175,16325,0
89046,171,15982,0
90523,199,15597,0
89895,164,15261,0
90462,197,14886,0
88703,165,14539,0
89181,178,14183,0
86617,178,13833,0
87256,164,13498,0
88927,185,13144,0
88394,153,12815,0
89217,176,12476,0
87873,156,12162,0
90199,175,11810,0
90008,186,11455,0
86977,149,11121,0
89207,170,10781,0
88152,186,10457,0
85005,168,10156,0
85773,162,9814,0
86395,171,9482,0
88864,191,9103,0
88619,175,8750,0
88943,174,8400,0
90227,176,8047,0
91019,178,7693,0
92261,181,7336,0
91930,183,6971,0
90977,179,6607,0
92783,185,6243,0
94020,180,5881,0
94291,179,5520,0
93182,175,5166,0
91820,176,4816,0
91934,178,4459,0
94237,175,4110,0
91566,175,3757,0
92766,177,3399,0
92337,184,3038,0
93137,194,2654,0
91790,191,2269,0
90651,187,1898,0
91740,182,1531,0
90540,178,1171,0
91709,182,805,0
89552,178,445,0
90275,181,82,0
92998,195,16086,0
93834,189,15712,0
92852,194,15342,0
91979,179,14970,0
92290,183,14606,0
95222,187,14213,0
90446,171,13866,0
92562,191,13504,0
92995,173,13146,0
90232,174,12806,0
92466,177,12450,0
92547,176,12091,0
91461,175,11752,0
90071,156,11433,0
92105,198,11068,0
88752,168,10708,0
90527,197,10346,0
87975,167,10015,0
89385,187,9645,0
85217,159,9319,0
88646,169,8960,0
88395,175,8621,0
88414,171,8262,0
87693,184,7914,0
89649,179,7553,0
90520,177,7198,0
92127,177,6839,0
93631,181,6475,0
93825,181,6111,0
93667,181,5749,0
94763,191,5378,0
94698,179,5019,0
94412,174,4678,0
94723,183,4300,0
92879,167,3967,0
90427,178,3613,0
90741,176,3260,0
91536,183,2906,0
90167,177,2539,0
89965,178,2185,0
90936,186,1816,0
90358,194,1440,0
89269,190,1059,0
92718,193,679,0
93168,194,288,0
93462,182,16295,0
88804,177,15944,0
89357,177,15589,0
88686,176,15238,0
91450,179,14886,0
90239,183,14516,0
89894,177,14162,0
91459,189,13784,0
91510,177,13433,0
93844,197,13049,0
90471,158,12724,0
92009,142,12386,0
91626,167,12020,0
92470,192,11666,0
92528,178,11304,0
90306,177,10958,0
90173,175,10601,0
91234,184,10245,0
87560,168,9900,0
90773,182,9539,0
88651,179,9201,0
87122,162,8867,0
85656,148,8528,0
88895,168,8167,0
87132,159,7859,0
89458,177,7507,0
92603,196,7133,0
92056,185,6760,0
90405,176,6410,0
91342,181,6054,0
94887,194,5672,0
94163,190,5294,0
94287,184,4924,0
93584,183,4563,0
92880,177,4207,0
93426,183,3842,0
94138,187,3472,0
93879,190,3092,0
98844,227,2646,0
95194,170,2281,0
95630,206,1884,0
98209,191,1492,0
89299,167,1149,0
91613,184,796,0
88607,178,434,0
90659,182,71,0
90049,177,16104,0
93658,192,15730,0
93499,182,15362,0
93030,194,14988,0
92341,185,14614,0
91876,182,14253,0
95013,186,13881,0
92574,171,13534,0
92258,190,13171,0
90305,174,12818,0
88451,165,12492,0
92617,193,12115,0
93496,173,11759,0
94093,198,11389,0
90528,149,11057,0
91242,190,10683,0
90242,170,10340,0
92152,192,9959,0
90151,176,9618,0
87176,174,9263,0
87562,175,8913,0
89366,170,8568,0
91090,181,8217,0
91761,180,7851,0
91908,185,7489,0
89757,166,7147,0
90870,180,6785,0
92855,184,6414,0
95637,201,6018,0
94521,184,5644,0
89137,162,5315,0
91028,182,4961,0
92929,177,4605,0
92298,169,4265,0
93990,178,3918,0
94099,190,3542,0
91977,181,3171,0
91561,177,2821,0
91861,190,2451,0
91024,178,2087,0
91292,181,1729,0
91425,198,1329,0
92230,196,932,0
91165,166,591,0
87276,179,241,0
93509,202,16237,0
93119,192,15852,0
91036,188,15472,0
91341,185,15100,0
95144,191,14696,0
90607,176,14337,0
93287,181,13982,0
90234,180,13620,0
88901,178,13257,0
90455,178,12907,0
91092,178,12545,0
92544,171,12203,0
93970,203,11824,0
90312,154,11497,0
93792,194,11128,0
92599,175,10766,0
89888,178,10423,0
92426,190,10047,0
87496,169,9708,0
89332,180,9347,0
88201,179,8996,0
88180,174,8647,0
89857,194,8270,0
90181,175,7916,0
91661,185,7554,0
93684,194,7176,0
94561,182,6801,0
91938,177,6445,0
90977,187,6077,0
91355,177,5717,0
93954,178,5362,0
92801,177,5010,0
91446,177,4656,0
91904,180,4292,0
94623,182,3926,0
92191,180,3567,0
94685,194,3192,0
94757,182,2822,0
90579,184,2451,0
92045,183,2086,0
89593,180,1726,0
91735,189,1353,0
91123,180,991,0
90895,195,619,0
90196,182,252,0
90847,185,16263,0
90861,186,15891,0
91569,193,15509,0
91656,188,15130,0
94195,194,14743,0
92048,184,14368,0
90722,183,14003,0
93611,182,13636,0
90809,178,13284,0
93826,179,12912,0
90196,175,12589,0
89071,167,12244,0
88618,176,11909,0
93181,177,11542,0
92731,183,11184,0
94176,187,10805,0
89855,163,10476,0
92088,193,10090,0
89696,172,9747,0
90126,180,9383,0
89731,171,9028,0
90086,174,8685,0
92610,190,8307,0
92298,175,7956,0
92320,172,7612,0
92875,196,7238,0
93860,187,6848,0
90575,175,6511,0
95919,200,6097,0
92101,162,5761,0
92179,183,5407,0
92276,176,5037,0
93179,180,4688,0
92035,174,4334,0
93386,175,3981,0
93654,196,3603,0
95392,192,3221,0
92998,173,2857,0
91066,183,2496,0
92248,184,2124,0
92123,189,1755,0
91815,181,1394,0
89730,179,1034,0
91624,193,658,0
90838,182,296,0
90180,177,16321,0
92912,187,15944,0
90977,181,15578,0
91837,196,15199,0
92538,185,14821,0
92271,204,14437,0
90953,179,14063,0
90819,171,13723,0
91276,181,13370,0
92158,176,13020,0
92249,178,12668,0
91647,180,12316,0
93571,177,11959,0
94002,179,11604,0
93961,184,11242,0
92836,186,10878,0
93968,194,10497,0
91599,173,10144,0
91101,188,9782,0
90801,175,9419,0
90205,183,9069,0
90551,180,8710,0
91905,177,8356,0
91444,179,7997,0
90675,177,7637,0
90555,176,7280,0
92397,183,6913,0
95730,207,6512,0
95775,197,6116,0
92648,169,5763,0
92097,189,5403,0
92630,172,5040,0
92963,168,4701,0
93463,185,4334,0
93235,180,3974,0
92864,183,3610,0
91349,178,3255,0
92225,181,2894,0
94840,187,2527,0
93911,190,2156,0
91076,185,1786,0
92067,182,1416,0
91009,186,1042,0
91798,184,663,0
91053,180,299,0
92157,183,16315,0
92009,190,15939,0
92215,186,15563,0
95723,200,15162,0
95137,189,14778,0
92778,183,14409,0
93359,184,14045,0
93352,192,13658,0
92437,176,13306,0
94093,181,12935,0
92132,173,12589,0
92859,189,12224,0
92312,170,11876,0
92870,183,11525,0
93050,170,11160,0
90441,168,10826,0
91648,190,10444,0
88868,169,10095,0
89709,174,9737,0
88307,176,9394,0
88690,171,9043,0
90505,182,8706,0
89785,173,8350,0
87791,169,8005,0
88257,188,7648,0
90937,192,7265,0
90105,178,6909,0
91887,183,6537,0
92562,192,6155,0
93938,190,5773,0
93591,184,5402,0
94277,174,5046,0
94722,177,4691,0
94075,175,4338,0
92007,178,3984,0
95877,193,3598,0
94877,185,3227,0
94851,184,2860,0
94482,199,2476,0
92508,185,2097,0
93305,183,1727,0
92692,181,1364,0
94017,192,969,0
92277,170,628,0
92818,205,249,0
91271,188,16243,0
93384,184,15874,0
92650,187,15505,0
93787,190,15131,0
91606,185,14744,0
94299,191,14364,0
90708,172,14014,0
89533,165,13680,0
90349,176,13329,0
90501,177,12985,0
90967,176,12639,0
90874,165,12304,0
91692,181,11966,0
91296,161,11623,0
90823,166,11297,0
90186,171,10957,0
87981,166,10626,0
85680,155,10289,0
90634,190,9916,0
93031,209,9528,0
90127,185,9199,0
88798,153,8873,0
90984,187,8496,0
88452,156,8159,0
92226,199,7786,0
92777,181,7413,0
92545,182,7057,0
94389,199,6670,0
96328,194,6277,0
95372,186,5896,0
91357,177,5545,0
91736,178,5188,0
96457,201,4798,0
96450,196,4409,0
98847,199,4010,0
96940,195,3620,0
93166,167,3277,0
93249,186,2921,0
92419,188,2545,0
93319,189,2170,0
93685,188,1799,0
89088,182,1443,0
89658,177,1085,0
92235,191,708,0
89324,188,333,0
92156,188,16340,0
90782,190,15963,0
92695,190,15582,0
92809,205,15190,0
94492,197,14793,0
92769,184,14417,0
95245,187,14039,0
90441,181,13666,0
91082,176,13313,0
93020,184,12943,0
91952,179,12584,0
93628,187,12219,0
95380,176,11864,0
95199,185,11503,0
95060,184,11133,0
93592,176,10778,0
94053,193,10402,0
93780,173,10046,0
91385,189,9678,0
93258,174,9313,0
91822,183,8962,0
89253,171,8601,0
89466,175,8254,0
89668,185,7884,0
93487,197,7502,0
93645,177,7142,0
93411,179,6780,0
91281,178,6420,0
91497,185,6046,0
93185,186,5676,0
93157,179,5315,0
93823,177,4963,0
92760,176,4610,0
91870,177,4259,0
89885,175,3908,0
94190,182,3543,0
92061,186,3174,0
95931,189,2799,0
93134,188,2414,0
94566,195,2024,0
95046,194,1637,0
93299,191,1252,0
92867,188,869,0
94006,196,478,0
91384,174,123,0
94448,199,16125,0
95904,185,15745,0
91719,184,15380,0
93390,192,15002,0
94621,191,14617,0
92252,190,14239,0
94431,192,13865,0
92784,171,13516,0
93243,194,13144,0
92672,170,12784,0
92691,179,12444,0
89962,174,12088,0
93925,179,11742,0
93497,166,11402,0
91032,186,11046,0
89741,157,10710,0
91407,191,10349,0
90204,197,10002,0
90670,199,9647,0
91263,177,9297,0
87997,149,8948,0
88943,158,8588,0
90983,185,8214,0
91695,200,7860,0
92979,184,7477,0
92942,175,7115,0
93831,186,6741,0
95278,191,6366,0
96117,187,5987,0
93925,179,5631,0
93355,190,5257,0
94212,185,4887,0
93137,164,4557,0
94351,180,4198,0
94035,177,3840,0
91458,174,3494,0
93020,181,3132,0
92532,187,2762,0
91055,186,2396,0
94793,200,2010,0
92596,180,1634,0
90320,174,1288,0
91144,189,895,0
91508,173,546,0
88317,176,200,0
88832,190,16207,0
91488,194,15827,0
95056,197,15424,0
95336,196,15026,0
95232,188,14646,0
91908,178,14280,0
93128,177,13924,0
93369,191,13551,0
91317,174,13196,0
89770,171,12854,0
92476,174,12494,0
90604,162,12169,0
93907,184,11809,0
92941,175,11459,0
93031,183,11097,0
92361,177,10741,0
92588,182,10384,0
93230,187,10003,0
91013,183,9650,0
89975,175,9296,0
89839,178,8948,0
91530,189,8576,0
93744,188,8208,0
92686,181,7847,0
91177,180,7491,0
92903,199,7112,0
93770,174,6750,0
92178,184,6397,0
94082,187,6016,0
94511,187,5635,0
93580,186,5259,0
93781,186,4884,0
93672,171,4544,0
95199,183,4186,0
93791,176,3827,0
91074,179,3466,0
93767,178,3115,0
92257,185,2754,0
95885,194,2377,0
95228,202,1984,0
93621,194,1595,0
95335,197,1198,0
96282,198,801,0
95610,195,408,0
95721,177,41,0
91761,189,16062,0
94187,190,15677,0
93702,189,15300,0
95557,202,14913,0
92825,182,14541,0
94208,181,14168,0
91429,179,13813,0
92333,187,13441,0
94521,185,13080,0
94191,186,12717,0
92304,176,12361,0
90327,167,12022,0
93128,180,11650,0
92965,181,11320,0
91594,161,10975,0
90976,192,10623,0
89007,158,10286,0
90285,182,9924,0
92318,210,9549,0
92040,202,9192,0
88545,162,8865,0
91012,185,8492,0
92606,181,8134,0
93225,179,7777,0
93988,182,7412,0
94255,186,7041,0
95344,206,6649,0
95242,191,6275,0
93758,167,5926,0
94185,184,5570,0
95794,179,5192,0
92016,169,4852,0
90151,170,4509,0
93579,189,4148,0
92801,180,3791,0
92735,177,3440,0
93906,190,3055,0
91893,171,2705,0
94989,193,2304,0
93353,173,1950,0
90698,177,1598,0
90585,184,1235,0
90795,191,837,0
92348,183,465,0
91533,181,100,0
93070,183,16115,0
94928,198,15726,0
95912,199,15338,0
93783,187,14951,0
94418,177,14599,0
93815,199,14198,0
93467,165,13860,0
94608,200,13487,0
89012,144,13161,0
91151,181,12815,0
91006,165,12476,0
93731,183,12107,0
93141,182,11747,0
95409,197,11374,0
92519,166,11030,0
92180,185,10674,0
91683,176,10305,0
92731,202,9936,0
90819,195,9587,0
90168,171,9244,0
87987,160,8890,0
89209,189,8533,0
91095,184,8151,0
88982,173,7814,0
93194,196,7436,0
95211,194,7045,0
95842,185,6665,0
95494,195,6291,0
93302,174,5924,0
90860,177,5582,0
94528,184,5213,0
94370,175,4856,0
93320,178,4505,0
91715,177,4146,0
92257,183,3787,0
93670,184,3414,0
94025,175,3061,0
93942,192,2678,0
94095,182,2310,0
90560,186,1950,0
92367,198,1570,0
91481,176,1199,0
87862,176,857,0
93124,194,465,0
91007,189,92,0
91670,188,16101,0
95845,205,15703,0
97574,202,15289,0
93541,171,14917,0
95365,194,14554,0
93722,185,14172,0
92389,178,13814,0
89890,165,13473,0
92170,196,13106,0
91317,155,12770,0
92312,180,12405,0
93130,182,12063,0
95565,186,11684,0
93663,170,11341,0
94233,188,10969,0
92112,169,10617,0
88704,175,10274,0
90560,178,9900,0
92786,196,9544,0
89867,194,9207,0
87505,166,8885,0
89164,183,8515,0
88545,178,8169,0
89243,182,7804,0
89745,177,7454,0
92364,189,7082,0
93054,186,6713,0
93576,185,6341,0
93372,189,5966,0
93087,183,5599,0
90558,158,5284,0
93959,183,4910,0
94613,187,4533,0
95279,182,4161,0
95135,174,3802,0
94046,173,3451,0
92884,182,3090,0
92515,185,2718,0
92798,184,2348,0
92209,189,1975,0
93253,191,1597,0
92386,191,1216,0
93568,189,838,0
93902,189,461,0
93740,185,96,0
94027,199,16094,0
96445,200,15703,0
94229,200,15311,0
93725,176,14941,0
92989,193,14572,0
94480,177,14187,0
90122,174,13847,0
92637,188,13481,0
92423,182,13116,0
93154,183,12756,0
92939,174,12396,0
91734,166,12064,0
94747,182,11692,0
91771,168,11352,0
92703,197,10974,0
89482,153,10642,0
92109,175,10277,0
91452,188,9924,0
89697,189,9580,0
88771,189,9231,0
92178,175,8872,0
93459,201,8497,0
93319,178,8122,0
93062,190,7763,0
92608,184,7390,0
95221,199,7008,0
96213,189,6632,0
93780,173,6277,0
94343,186,5904,0
95302,186,5537,0
93845,170,5176,0
91847,169,4842,0
92448,179,4485,0
94166,177,4128,0
93854,178,3773,0
92644,175,3419,0
91721,182,3054,0
95145,194,2657,0
97011,194,2267,0
96903,201,1868,0
92569,181,1498,0
91734,179,1141,0
93493,199,759,0
92022,175,392,0
89782,170,31,0
88509,190,16062,0
93588,203,15662,0
93269,182,15296,0
91962,185,14924,0
90723,175,14566,0
89802,184,14195,0
89047,171,13845,0
92608,190,13476,0
91508,175,13125,0
92630,175,12782,0
94591,170,12427,0
91071,164,12109,0
91061,172,11757,0
88580,163,11425,0
91048,192,11062,0
90148,174,10707,0
89691,187,10348,0
89822,180,9973,0
89477,170,9626,0
91986,196,9249,0
91489,161,8903,0
93459,170,8533,0
94033,196,8173,0
94050,180,7807,0
93494,176,7451,0
96466,202,7056,0
91625,174,6704,0
95927,204,6322,0
95015,171,5956,0
93668,173,5615,0
93117,178,5261,0
91538,177,4904,0
91926,178,4547,0
96188,181,4179,0
93796,185,3816,0
93206,174,3459,0
91992,184,3102,0
94045,192,2712,0
91559,176,2363,0
91645,192,1989,0
91877,189,1608,0
92379,182,1236,0
91626,183,863,0
94371,193,478,0
94263,198,84,0
98270,198,16065,0
96660,197,15668,0
97809,194,15275,0
94095,190,14892,0
95541,187,14515,0
96572,189,14127,0
94401,179,13763,0
93078,172,13413,0
96582,188,13036,0
93155,173,12685,0
93452,179,12334,0
94816,186,11965,0
95075,180,11597,0
92686,186,11233,0
91859,172,10890,0
92241,191,10520,0
88569,160,10179,0
91253,165,9823,0
90896,187,9460,0
88789,191,9119,0
87412,165,8794,0
90652,182,8425,0
89272,180,8070,0
90486,178,7712,0
91115,184,7344,0
93331,181,6980,0
92831,181,6618,0
91827,181,6253,0
90313,180,5893,0
92239,178,5535,0
93249,180,5177,0
93064,175,4824,0
93928,182,4460,0
94572,180,4104,0
93529,184,3737,0
94025,188,3361,0
95855,194,2979,0
94470,197,2585,0
96217,200,2183,0
95048,203,1779,0
93331,203,1376,0
93167,201,970,0
93769,180,595,0
90015,174,253,0
92989,188,16264,0
91714,183,15888,0
91591,181,15539,0
97958,210,15106,0
93743,195,14766,0
92139,153,14412,0
94616,203,14027,0
91757,171,13668,0
89345,166,13339,0
93932,187,12954,0
92399,181,12622,0
90233,158,12286,0
91050,158,11926,0
94444,177,11549,0
94697,206,11180,0
91881,171,10852,0
92861,189,10470,0
89547,173,10117,0
89970,187,9760,0
92475,179,9397,0
90125,173,9052,0
91563,189,8683,0
89863,182,8323,0
90182,176,7969,0
92495,186,7603,0
92951,183,7233,0
92027,176,6872,0
90625,181,6527,0
91088,185,6150,0
90494,177,5798,0
93994,187,5432,0
95165,190,5053,0
93492,181,4690,0
91185,170,4355,0
90835,179,4005,0
96514,203,3624,0
95620,188,3241,0
90485,178,2893,0
92666,183,2526,0
90023,182,2166,0
91142,183,1800,0
89819,189,1423,0
91916,188,1045,0
91211,192,663,0
90392,194,282,0
93000,191,16282,0
91207,192,15895,0
91471,194,15509,0
93539,192,15127,0
90848,184,14757,0
87446,180,14397,0
90474,189,14033,0
90010,171,13675,0
90276,164,13342,0
91195,184,12969,0
93339,193,12602,0
91056,161,12277,0
91457,157,11931,0
95719,184,11541,0
95742,189,11188,0
93052,173,10838,0
89168,164,10506,0
92920,186,10133,0
89693,173,9793,0
91047,187,9427,0
91619,185,9055,0
90444,168,8720,0
92554,188,8351,0
92375,179,7987,0
93705,182,7630,0
93301,185,7259,0
92734,183,6887,0
92854,178,6527,0
93094,180,6163,0
92518,175,5802,0
92750,179,5445,0
90005,178,5088,0
89352,170,4746,0
94263,182,4376,0
94639,180,4018,0
94419,183,3652,0
93019,189,3274,0
93748,196,2890,0
92543,187,2512,0
91963,177,2153,0
92933,187,1781,0
91062,182,1413,0
91511,180,1047,0
91010,190,676,0
90782,175,317,0
91842,191,16326,0
94669,194,15937,0
90821,180,15575,0
92992,186,15206,0
92716,200,14810,0
94042,188,14437,0
91581,172,14079,0
91621,176,13727,0
89902,172,13372,0
93167,180,12998,0
91042,165,12660,0
91807,183,12315,0
91738,173,11965,0
89554,170,11627,0
92546,175,11275,0
92628,178,10917,0
90178,170,10566,0
88155,173,10216,0
85382,175,9871,0
87938,184,9512,0
88739,169,9176,0
91393,192,8804,0
89828,168,8468,0
90990,193,8104,0
93961,187,7721,0
92114,174,7375,0
93032,190,7000,0
94027,201,6613,0
93835,172,6261,0
95688,199,5880,0
93369,170,5523,0
91804,178,5175,0
94278,183,4798,0
91729,162,4471,0
90069,181,4118,0
91973,175,3763,0
90636,171,3423,0
90201,179,3069,0
91785,197,2682,0
93580,188,2305,0
92676,189,1928,0
95349,191,1547,0
95909,196,1158,0
94668,196,762,0
94248,199,358,0
92412,182,1,0
86225,162,16063,0
88789,178,15718,0
88885,178,15360,0
92314,206,14977,0
96029,198,14573,0
94398,180,14200,0
92317,180,13839,0
91761,174,13479,0
95879,197,13105,0
96592,168,12741,0
93341,188,12397,0
93117,172,12036,0
92920,180,11687,0
92913,176,11338,0
93254,184,10965,0
91825,187,10603,0
88628,166,10268,0
89920,175,9912,0
89976,186,9558,0
89307,162,9222,0
90411,195,8850,0
87863,150,8524,0
86636,166,8187,0
88006,188,7832,0
92420,205,7433,0
88632,160,7109,0
92114,193,6734,0
92827,177,6369,0
91861,166,6008,0
89871,181,5659,0
90241,173,5311,0
91803,176,4961,0
92201,182,4604,0
95398,191,4217,0
95991,185,3840,0
92182,171,3512,0
94274,202,3135,0
96789,196,2746,0
96988,196,2352,0
97823,189,1967,0
96891,191,1583,0
92615,191,1198,0
91470,185,835,0
91503,185,462,0
92401,185,90,0
92226,190,16098,0
94601,192,15723,0
93474,192,15341,0
95790,193,14958,0
96569,186,14568,0
93718,183,14197,0
93043,184,13837,0
93439,190,13463,0
94523,176,13105,0
91636,174,12755,0
92516,174,12401,0
91856,176,12050,0
93405,177,11696,0
93742,184,11326,0
89921,172,10983,0
90638,176,10632,0
89575,171,10283,0
90026,183,9918,0
85807,165,9593,0
88795,189,9216,0
89783,159,8881,0
90099,187,8521,0